30,0,300
30,30,450
30,60,600
30,90,750
30,120,900
30,150,1050
30,180,1200
30,210,1350
30,240,1500
30,270,1650
30,300,1800
30,330,1950
30,360,2100
30,390,2250
30,420,2400
30,450,2550
30,480,2700
30,510,2850
30,540,3000
30,570,3150
30,600,3300
30,630,3450
30,660,3600
30,690,3750
30,720,3900
30,750,4050
30,780,4200
30,810,4350
30,840,4500
30,870,4650
30,900,4800
30,930,4950
30,960,5100
30,990,5250
30,1020,5400
30,1050,5550
30,1080,5700
30,1110,5850
30,1140,6000
30,1170,6150
30,1200,6300
30,1230,6450
30,1260,6600
30,1290,6750
30,1320,6900
30,1350,7050
30,1380,7200
30,1410,7350
30,1440,7500
30,1470,7650
30,1500,7800
30,1530,7950
30,1560,8100
30,1590,8250
30,1620,8400
30,1650,8550
30,1680,8700
30,1710,8850
30,1740,9000
30,1770,9150
30,1800,9300
30,1830,9450
30,1860,9600
30,1890,9750
30,1920,9900
30,1950,10050
30,1980,10200
30,2010,10350
30,2040,10500
30,2070,10650
30,2100,10800
30,2130,10950
30,2160,11100
30,2190,11250
30,2220,11400
30,2250,11550
30,2280,11700
30,2310,11850
30,2340,12000
30,2370,12150
30,2400,12300
30,2430,12450
30,2460,12600
30,2490,12750
30,2520,12900
30,2550,13050
30,2580,13200
30,2610,13350
30,2640,13500
30,2670,13650
30,2700,13800
30,2730,13950
30,2760,14100
30,2790,14250
30,2820,14400
30,2850,14550
30,2880,14700
30,2910,14850
30,2940,15000
30,2970,15150
30,3000,15300
30,3030,15450
30,3060,15600
30,3090,15750
30,3120,15900
30,3150,16050
30,3180,16200
30,3210,16350
30,3240,16500
30,3270,16650
30,3300,16800
30,3330,16950
30,3360,17100
30,3390,17250
30,3420,17400
30,3450,17550
30,3480,17700
30,3510,17850
30,3540,18000
30,3570,18150
30,3600,18300
30,3630,18450
30,3660,18600
30,3690,18750
30,3720,18900
30,3750,19050
30,3780,19200
30,3810,19350
30,3840,19500
30,3870,19650
30,3900,19800
30,3930,19950
30,3960,20100
30,3990,20250
30,4020,20400
30,4050,20550
30,4080,20700
30,4110,20850
30,4140,21000
30,4170,21150
30,4200,21300
30,4230,21450
30,4260,21600
30,4290,21750
30,4320,21900
30,4350,22050
30,4380,22200
30,4410,22350
30,4440,22500
30,4470,22650
30,4500,22800
30,4530,22950
30,4560,23100
30,4590,23250
30,4620,23400
30,4650,23550
30,4680,23700
30,4710,23850
30,4740,24000
30,4770,24150
30,4800,24300
30,4830,24450
30,4860,24600
30,4890,24750
30,4920,24900
30,4950,25050
30,4980,25200
30,5010,25350
30,5040,25500
30,5070,25650
30,5100,25800
30,5130,25950
30,5160,26100
30,5190,26250
30,5220,26400
30,5250,26550
30,5280,26700
30,5310,26850
30,5340,27000
30,5370,27150
30,5400,27300
30,5430,27450
30,5460,27600
30,5490,27750
30,5520,27900
30,5550,28050
30,5580,28200
30,5610,28350
30,5640,28500
30,5670,28650
30,5700,28800
30,5730,28950
30,5760,29100
30,5790,29250
30,5820,29400
30,5850,29550
30,5880,29700
30,5910,29850
30,5940,30000
30,5970,30150
30,6000,30300
30,6030,30450
30,6060,30600
30,6090,30750
30,6120,30900
30,6150,31050
30,6180,31200
30,6210,31350
30,6240,31500
30,6270,31650
30,6300,31800
30,6330,31950
30,6360,32100
30,6390,32250
30,6420,32400
30,6450,32550
30,6480,32700
30,6510,32850
30,6540,33000
30,6570,32790
30,6600,32580
30,6630,32370
30,6660,32160
30,6690,31950
30,6720,31740
30,6750,31530
30,6780,31320
30,6810,31110
30,6840,30900
30,6870,30690
30,6900,30480
30,6930,30270
30,6960,30060
30,6990,29850
30,7020,29640
30,7050,29430
30,7080,29220
30,7110,29010
30,7140,28800
30,7170,28590
30,7200,28380
30,7230,28170
30,7260,27960
30,7290,27750
30,7320,27540
30,7350,27330
30,7380,27120
30,7410,26910
30,7440,26700
30,7470,26490
30,7500,26280
30,7530,26070
30,7560,25860
30,7590,25650
30,7620,25440
30,7650,25230
30,7680,25020
30,7710,24810
30,7740,24600
30,7770,24390
30,7800,24180
30,7830,23970
30,7860,23760
30,7890,23550
30,7920,23340
30,7950,23130
30,7980,22920
30,8010,22710
30,8040,22500
30,8070,22290
30,8100,22080
30,8130,21870
30,8160,21660
30,8190,21450
30,8220,21240
30,8250,21030
30,8280,20820
30,8310,20610
30,8340,20400
30,8370,20190
30,8400,19980
30,8430,19770
30,8460,19560
30,8490,19350
30,8520,19140
30,8550,18930
30,8580,18720
30,8610,18510
30,8640,18300
30,8670,18090
30,8700,17880
30,8730,17670
30,8760,17460
30,8790,17250
30,8820,17040
30,8850,16830
30,8880,16620
30,8910,16410
30,8940,16200
30,8970,15990
30,9000,15780
30,9030,15570
30,9060,15360
30,9090,15150
30,9120,14940
30,9150,14730
30,9180,14520
30,9210,14310
30,9240,14100
30,9270,13890
30,9300,13680
30,9330,13470
30,9360,13260
30,9390,13050
30,9420,12840
30,9450,12630
30,9480,12420
30,9510,12210
30,9540,12000
30,9570,11790
30,9600,11580
30,9630,11370
30,9660,11160
30,9690,10950
30,9720,10740
30,9750,10530
30,9780,10320
30,9810,10110
30,9840,9900
30,9870,9690
30,9900,9480
30,9930,9270
30,9960,9060
30,9990,8850
30,10020,8640
30,10050,8430
30,10080,8220
30,10110,8010
30,10140,7800
30,10170,7590
30,10200,7380
30,10230,7170
30,10260,6960
30,10290,6750
30,10320,6540
30,10350,6330
30,10380,6120
30,10410,5910
30,10440,5700
30,10470,5490
30,10500,5280
30,10530,5070
30,10560,4860
30,10590,4650
30,10620,4440
30,10650,4230
30,10680,4020
30,10710,3810
30,10740,3600
30,10770,3390
30,10800,3180
30,10830,2970
30,10860,2760
30,10890,2550
30,10920,2340
30,10950,2130
30,10980,1920
30,11010,1710
30,11040,1500
30,11070,1290
30,11100,1080
30,11130,870
30,11160,660
30,11190,450
30,11220,240
