30.0,0,300.0
30.0,30.0,450.0
30.0,60.0,600.0
30.0,90.0,750.0
30.0,120.0,900.0
30.0,150.0,1050.0
30.0,180.0,1200.0
30.0,210.0,1350.0
30.0,240.0,1500.0
30.0,270.0,1650.0
30.0,300.0,1800.0
30.0,330.0,1950.0
30.0,360.0,2100.0
30.0,390.0,2250.0
30.0,420.0,2400.0
30.0,450.0,2550.0
30.0,480.0,2700.0
30.0,510.0,2850.0
30.0,540.0,3000.0
30.0,570.0,3150.0
30.0,600.0,3300.0
30.0,630.0,3450.0
30.0,660.0,3600.0
30.0,690.0,3750.0
30.0,720.0,3900.0
30.0,750.0,4050.0
30.0,780.0,4200.0
30.0,810.0,4350.0
30.0,840.0,4500.0
30.0,870.0,4650.0
30.0,900.0,4800.0
30.0,930.0,4950.0
30.0,960.0,5100.0
30.0,990.0,5250.0
30.0,1020.0,5400.0
30.0,1050.0,5550.0
30.0,1080.0,5700.0
30.0,1110.0,5850.0
30.0,1140.0,6000.0
30.0,1170.0,6150.0
30.0,1200.0,6300.0
30.0,1230.0,6450.0
30.0,1260.0,6600.0
30.0,1290.0,6750.0
30.0,1320.0,6900.0
30.0,1350.0,7050.0
30.0,1380.0,7200.0
30.0,1410.0,7350.0
30.0,1440.0,7500.0
30.0,1470.0,7650.0
30.0,1500.0,7800.0
30.0,1530.0,7950.0
30.0,1560.0,8100.0
30.0,1590.0,8250.0
30.0,1620.0,8400.0
30.0,1650.0,8550.0
30.0,1680.0,8700.0
30.0,1710.0,8850.0
30.0,1740.0,9000.0
30.0,1770.0,9150.0
30.0,1800.0,9300.0
30.0,1830.0,9450.0
30.0,1860.0,9600.0
30.0,1890.0,9750.0
30.0,1920.0,9900.0
30.0,1950.0,10050.0
30.0,1980.0,10200.0
30.0,2010.0,10350.0
30.0,2040.0,10500.0
30.0,2070.0,10650.0
30.0,2100.0,10800.0
30.0,2130.0,10950.0
30.0,2160.0,11100.0
30.0,2190.0,11250.0
30.0,2220.0,11400.0
30.0,2250.0,11550.0
30.0,2280.0,11700.0
30.0,2310.0,11850.0
30.0,2340.0,12000.0
30.0,2370.0,12150.0
30.0,2400.0,12300.0
30.0,2430.0,12450.0
30.0,2460.0,12600.0
30.0,2490.0,12750.0
30.0,2520.0,12900.0
30.0,2550.0,13050.0
30.0,2580.0,13200.0
30.0,2610.0,13350.0
30.0,2640.0,13500.0
30.0,2670.0,13650.0
30.0,2700.0,13800.0
30.0,2730.0,13950.0
30.0,2760.0,14100.0
30.0,2790.0,14250.0
30.0,2820.0,14400.0
30.0,2850.0,14550.0
30.0,2880.0,14700.0
30.0,2910.0,14850.0
30.0,2940.0,15000.0
30.0,2970.0,15150.0
30.0,3000.0,15300.0
30.0,3030.0,15450.0
30.0,3060.0,15600.0
30.0,3090.0,15750.0
30.0,3120.0,15900.0
30.0,3150.0,16050.0
30.0,3180.0,16200.0
30.0,3210.0,16350.0
30.0,3240.0,16500.0
30.0,3270.0,16650.0
30.0,3300.0,16800.0
30.0,3330.0,16950.0
30.0,3360.0,17100.0
30.0,3390.0,17250.0
30.0,3420.0,17400.0
30.0,3450.0,17550.0
30.0,3480.0,17700.0
30.0,3510.0,17850.0
30.0,3540.0,18000.0
30.0,3570.0,18150.0
30.0,3600.0,18300.0
30.0,3630.0,18450.0
30.0,3660.0,18600.0
30.0,3690.0,18750.0
30.0,3720.0,18900.0
30.0,3750.0,19050.0
30.0,3780.0,19200.0
30.0,3810.0,19350.0
30.0,3840.0,19500.0
30.0,3870.0,19650.0
30.0,3900.0,19800.0
30.0,3930.0,19950.0
30.0,3960.0,20100.0
30.0,3990.0,20250.0
30.0,4020.0,20400.0
30.0,4050.0,20550.0
30.0,4080.0,20700.0
30.0,4110.0,20850.0
30.0,4140.0,21000.0
30.0,4170.0,21150.0
30.0,4200.0,21300.0
30.0,4230.0,21450.0
30.0,4260.0,21600.0
30.0,4290.0,21750.0
30.0,4320.0,21900.0
30.0,4350.0,22050.0
30.0,4380.0,22200.0
30.0,4410.0,22350.0
30.0,4440.0,22500.0
30.0,4470.0,22650.0
30.0,4500.0,22800.0
30.0,4530.0,22950.0
30.0,4560.0,23100.0
30.0,4590.0,23250.0
30.0,4620.0,23400.0
30.0,4650.0,23550.0
30.0,4680.0,23700.0
30.0,4710.0,23850.0
30.0,4740.0,24000.0
30.0,4770.0,24150.0
30.0,4800.0,24300.0
30.0,4830.0,24450.0
30.0,4860.0,24600.0
30.0,4890.0,24750.0
30.0,4920.0,24900.0
30.0,4950.0,25050.0
30.0,4980.0,25200.0
30.0,5010.0,25350.0
30.0,5040.0,25500.0
30.0,5070.0,25650.0
30.0,5100.0,25800.0
30.0,5130.0,25950.0
30.0,5160.0,26100.0
30.0,5190.0,26250.0
30.0,5220.0,26400.0
30.0,5250.0,26550.0
30.0,5280.0,26700.0
30.0,5310.0,26850.0
30.0,5340.0,27000.0
30.0,5370.0,27150.0
30.0,5400.0,27300.0
30.0,5430.0,27450.0
30.0,5460.0,27600.0
30.0,5490.0,27750.0
30.0,5520.0,27900.0
30.0,5550.0,28050.0
30.0,5580.0,28200.0
30.0,5610.0,28350.0
30.0,5640.0,28500.0
30.0,5670.0,28650.0
30.0,5700.0,28800.0
30.0,5730.0,28950.0
30.0,5760.0,29100.0
30.0,5790.0,29250.0
30.0,5820.0,29400.0
30.0,5850.0,29550.0
30.0,5880.0,29700.0
30.0,5910.0,29850.0
30.0,5940.0,30000.0
30.0,5970.0,30150.0
30.0,6000.0,30300.0
30.0,6030.0,30450.0
30.0,6060.0,30600.0
30.0,6090.0,30750.0
30.0,6120.0,30900.0
30.0,6150.0,31050.0
30.0,6180.0,31200.0
30.0,6210.0,31350.0
30.0,6240.0,31500.0
30.0,6270.0,31650.0
30.0,6300.0,31800.0
30.0,6330.0,31950.0
30.0,6360.0,32100.0
30.0,6390.0,32250.0
30.0,6420.0,32400.0
30.0,6450.0,32550.0
30.0,6480.0,32700.0
30.0,6510.0,32850.0
30.0,6540.0,33000.0
30.0,6570.0,32790.0
30.0,6600.0,32580.0
30.0,6630.0,32370.0
30.0,6660.0,32160.0
30.0,6690.0,31950.0
30.0,6720.0,31740.0
30.0,6750.0,31530.0
30.0,6780.0,31320.0
30.0,6810.0,31110.0
30.0,6840.0,30900.0
30.0,6870.0,30690.0
30.0,6900.0,30480.0
30.0,6930.0,30270.0
30.0,6960.0,30060.0
30.0,6990.0,29850.0
30.0,7020.0,29640.0
30.0,7050.0,29430.0
30.0,7080.0,29220.0
30.0,7110.0,29010.0
30.0,7140.0,28800.0
30.0,7170.0,28590.0
30.0,7200.0,28380.0
30.0,7230.0,28170.0
30.0,7260.0,27960.0
30.0,7290.0,27750.0
30.0,7320.0,27540.0
30.0,7350.0,27330.0
30.0,7380.0,27120.0
30.0,7410.0,26910.0
30.0,7440.0,26700.0
30.0,7470.0,26490.0
30.0,7500.0,26280.0
30.0,7530.0,26070.0
30.0,7560.0,25860.0
30.0,7590.0,25650.0
30.0,7620.0,25440.0
30.0,7650.0,25230.0
30.0,7680.0,25020.0
30.0,7710.0,24810.0
30.0,7740.0,24600.0
30.0,7770.0,24390.0
30.0,7800.0,24180.0
30.0,7830.0,23970.0
30.0,7860.0,23760.0
30.0,7890.0,23550.0
30.0,7920.0,23340.0
30.0,7950.0,23130.0
30.0,7980.0,22920.0
30.0,8010.0,22710.0
30.0,8040.0,22500.0
30.0,8070.0,22290.0
30.0,8100.0,22080.0
30.0,8130.0,21870.0
30.0,8160.0,21660.0
30.0,8190.0,21450.0
30.0,8220.0,21240.0
30.0,8250.0,21030.0
30.0,8280.0,20820.0
30.0,8310.0,20610.0
30.0,8340.0,20400.0
30.0,8370.0,20190.0
30.0,8400.0,19980.0
30.0,8430.0,19770.0
30.0,8460.0,19560.0
30.0,8490.0,19350.0
30.0,8520.0,19140.0
30.0,8550.0,18930.0
30.0,8580.0,18720.0
30.0,8610.0,18510.0
30.0,8640.0,18300.0
30.0,8670.0,18090.0
30.0,8700.0,17880.0
30.0,8730.0,17670.0
30.0,8760.0,17460.0
30.0,8790.0,17250.0
30.0,8820.0,17040.0
30.0,8850.0,16830.0
30.0,8880.0,16620.0
30.0,8910.0,16410.0
30.0,8940.0,16200.0
30.0,8970.0,15990.0
30.0,9000.0,15780.0
30.0,9030.0,15570.0
30.0,9060.0,15360.0
30.0,9090.0,15150.0
30.0,9120.0,14940.0
30.0,9150.0,14730.0
30.0,9180.0,14520.0
30.0,9210.0,14310.0
30.0,9240.0,14100.0
30.0,9270.0,13890.0
30.0,9300.0,13680.0
30.0,9330.0,13470.0
30.0,9360.0,13260.0
30.0,9390.0,13050.0
30.0,9420.0,12840.0
30.0,9450.0,12630.0
30.0,9480.0,12420.0
30.0,9510.0,12210.0
30.0,9540.0,12000.0
30.0,9570.0,11790.0
30.0,9600.0,11580.0
30.0,9630.0,11370.0
30.0,9660.0,11160.0
30.0,9690.0,10950.0
30.0,9720.0,10740.0
30.0,9750.0,10530.0
30.0,9780.0,10320.0
30.0,9810.0,10110.0
30.0,9840.0,9900.0
30.0,9870.0,9690.0
30.0,9900.0,9480.0
30.0,9930.0,9270.0
30.0,9960.0,9060.0
30.0,9990.0,8850.0
30.0,10020.0,8640.0
30.0,10050.0,8430.0
30.0,10080.0,8220.0
30.0,10110.0,8010.0
30.0,10140.0,7800.0
30.0,10170.0,7590.0
30.0,10200.0,7380.0
30.0,10230.0,7170.0
30.0,10260.0,6960.0
30.0,10290.0,6750.0
30.0,10320.0,6540.0
30.0,10350.0,6330.0
30.0,10380.0,6120.0
30.0,10410.0,5910.0
30.0,10440.0,5700.0
30.0,10470.0,5490.0
30.0,10500.0,5280.0
30.0,10530.0,5070.0
30.0,10560.0,4860.0
30.0,10590.0,4650.0
30.0,10620.0,4440.0
30.0,10650.0,4230.0
30.0,10680.0,4020.0
30.0,10710.0,3810.0
30.0,10740.0,3600.0
30.0,10770.0,3390.0
30.0,10800.0,3180.0
30.0,10830.0,2970.0
30.0,10860.0,2760.0
30.0,10890.0,2550.0
30.0,10920.0,2340.0
30.0,10950.0,2130.0
30.0,10980.0,1920.0
30.0,11010.0,1710.0
30.0,11040.0,1500.0
30.0,11070.0,1290.0
30.0,11100.0,1080.0
30.0,11130.0,870.0
30.0,11160.0,660.0
30.0,11190.0,450.0
30.0,11220.0,240.0
