10.0,0,300.0
10.0,10.0,350.0
10.0,20.0,400.0
10.0,30.0,450.0
10.0,40.0,500.0
10.0,50.0,550.0
10.0,60.0,600.0
10.0,70.0,650.0
10.0,80.0,700.0
10.0,90.0,750.0
10.0,100.0,800.0
10.0,110.0,850.0
10.0,120.0,900.0
10.0,130.0,950.0
10.0,140.0,1000.0
10.0,150.0,1050.0
10.0,160.0,1100.0
10.0,170.0,1150.0
10.0,180.0,1200.0
10.0,190.0,1250.0
10.0,200.0,1300.0
10.0,210.0,1350.0
10.0,220.0,1400.0
10.0,230.0,1450.0
10.0,240.0,1500.0
10.0,250.0,1550.0
10.0,260.0,1600.0
10.0,270.0,1650.0
10.0,280.0,1700.0
10.0,290.0,1750.0
10.0,300.0,1800.0
10.0,310.0,1850.0
10.0,320.0,1900.0
10.0,330.0,1950.0
10.0,340.0,2000.0
10.0,350.0,2050.0
10.0,360.0,2100.0
10.0,370.0,2150.0
10.0,380.0,2200.0
10.0,390.0,2250.0
10.0,400.0,2300.0
10.0,410.0,2350.0
10.0,420.0,2400.0
10.0,430.0,2450.0
10.0,440.0,2500.0
10.0,450.0,2550.0
10.0,460.0,2600.0
10.0,470.0,2650.0
10.0,480.0,2700.0
10.0,490.0,2750.0
10.0,500.0,2800.0
10.0,510.0,2850.0
10.0,520.0,2900.0
10.0,530.0,2950.0
10.0,540.0,3000.0
10.0,550.0,3050.0
10.0,560.0,3100.0
10.0,570.0,3150.0
10.0,580.0,3200.0
10.0,590.0,3250.0
10.0,600.0,3300.0
10.0,610.0,3350.0
10.0,620.0,3400.0
10.0,630.0,3450.0
10.0,640.0,3500.0
10.0,650.0,3550.0
10.0,660.0,3600.0
10.0,670.0,3650.0
10.0,680.0,3700.0
10.0,690.0,3750.0
10.0,700.0,3800.0
10.0,710.0,3850.0
10.0,720.0,3900.0
10.0,730.0,3950.0
10.0,740.0,4000.0
10.0,750.0,4050.0
10.0,760.0,4100.0
10.0,770.0,4150.0
10.0,780.0,4200.0
10.0,790.0,4250.0
10.0,800.0,4300.0
10.0,810.0,4350.0
10.0,820.0,4400.0
10.0,830.0,4450.0
10.0,840.0,4500.0
10.0,850.0,4550.0
10.0,860.0,4600.0
10.0,870.0,4650.0
10.0,880.0,4700.0
10.0,890.0,4750.0
10.0,900.0,4800.0
10.0,910.0,4850.0
10.0,920.0,4900.0
10.0,930.0,4950.0
10.0,940.0,5000.0
10.0,950.0,5050.0
10.0,960.0,5100.0
10.0,970.0,5150.0
10.0,980.0,5200.0
10.0,990.0,5250.0
10.0,1000.0,5300.0
10.0,1010.0,5350.0
10.0,1020.0,5400.0
10.0,1030.0,5450.0
10.0,1040.0,5500.0
10.0,1050.0,5550.0
10.0,1060.0,5600.0
10.0,1070.0,5650.0
10.0,1080.0,5700.0
10.0,1090.0,5750.0
10.0,1100.0,5800.0
10.0,1110.0,5850.0
10.0,1120.0,5900.0
10.0,1130.0,5950.0
10.0,1140.0,6000.0
10.0,1150.0,6050.0
10.0,1160.0,6100.0
10.0,1170.0,6150.0
10.0,1180.0,6200.0
10.0,1190.0,6250.0
10.0,1200.0,6300.0
10.0,1210.0,6350.0
10.0,1220.0,6400.0
10.0,1230.0,6450.0
10.0,1240.0,6500.0
10.0,1250.0,6550.0
10.0,1260.0,6600.0
10.0,1270.0,6650.0
10.0,1280.0,6700.0
10.0,1290.0,6750.0
10.0,1300.0,6800.0
10.0,1310.0,6850.0
10.0,1320.0,6900.0
10.0,1330.0,6950.0
10.0,1340.0,7000.0
10.0,1350.0,7050.0
10.0,1360.0,7100.0
10.0,1370.0,7150.0
10.0,1380.0,7200.0
10.0,1390.0,7250.0
10.0,1400.0,7300.0
10.0,1410.0,7350.0
10.0,1420.0,7400.0
10.0,1430.0,7450.0
10.0,1440.0,7500.0
10.0,1450.0,7550.0
10.0,1460.0,7600.0
10.0,1470.0,7650.0
10.0,1480.0,7700.0
10.0,1490.0,7750.0
10.0,1500.0,7800.0
10.0,1510.0,7850.0
10.0,1520.0,7900.0
10.0,1530.0,7950.0
10.0,1540.0,8000.0
10.0,1550.0,8050.0
10.0,1560.0,8100.0
10.0,1570.0,8150.0
10.0,1580.0,8200.0
10.0,1590.0,8250.0
10.0,1600.0,8300.0
10.0,1610.0,8350.0
10.0,1620.0,8400.0
10.0,1630.0,8450.0
10.0,1640.0,8500.0
10.0,1650.0,8550.0
10.0,1660.0,8600.0
10.0,1670.0,8650.0
10.0,1680.0,8700.0
10.0,1690.0,8750.0
10.0,1700.0,8800.0
10.0,1710.0,8850.0
10.0,1720.0,8900.0
10.0,1730.0,8950.0
10.0,1740.0,9000.0
10.0,1750.0,9050.0
10.0,1760.0,9100.0
10.0,1770.0,9150.0
10.0,1780.0,9200.0
10.0,1790.0,9250.0
10.0,1800.0,9300.0
10.0,1810.0,9350.0
10.0,1820.0,9400.0
10.0,1830.0,9450.0
10.0,1840.0,9500.0
10.0,1850.0,9550.0
10.0,1860.0,9600.0
10.0,1870.0,9650.0
10.0,1880.0,9700.0
10.0,1890.0,9750.0
10.0,1900.0,9800.0
10.0,1910.0,9850.0
10.0,1920.0,9900.0
10.0,1930.0,9950.0
10.0,1940.0,10000.0
10.0,1950.0,10050.0
10.0,1960.0,10100.0
10.0,1970.0,10150.0
10.0,1980.0,10200.0
10.0,1990.0,10250.0
10.0,2000.0,10300.0
10.0,2010.0,10350.0
10.0,2020.0,10400.0
10.0,2030.0,10450.0
10.0,2040.0,10500.0
10.0,2050.0,10550.0
10.0,2060.0,10600.0
10.0,2070.0,10650.0
10.0,2080.0,10700.0
10.0,2090.0,10750.0
10.0,2100.0,10800.0
10.0,2110.0,10850.0
10.0,2120.0,10900.0
10.0,2130.0,10950.0
10.0,2140.0,11000.0
10.0,2150.0,11050.0
10.0,2160.0,11100.0
10.0,2170.0,11150.0
10.0,2180.0,11200.0
10.0,2190.0,11250.0
10.0,2200.0,11300.0
10.0,2210.0,11350.0
10.0,2220.0,11400.0
10.0,2230.0,11450.0
10.0,2240.0,11500.0
10.0,2250.0,11550.0
10.0,2260.0,11600.0
10.0,2270.0,11650.0
10.0,2280.0,11700.0
10.0,2290.0,11750.0
10.0,2300.0,11800.0
10.0,2310.0,11850.0
10.0,2320.0,11900.0
10.0,2330.0,11950.0
10.0,2340.0,12000.0
10.0,2350.0,12050.0
10.0,2360.0,12100.0
10.0,2370.0,12150.0
10.0,2380.0,12200.0
10.0,2390.0,12250.0
10.0,2400.0,12300.0
10.0,2410.0,12350.0
10.0,2420.0,12400.0
10.0,2430.0,12450.0
10.0,2440.0,12500.0
10.0,2450.0,12550.0
10.0,2460.0,12600.0
10.0,2470.0,12650.0
10.0,2480.0,12700.0
10.0,2490.0,12750.0
10.0,2500.0,12800.0
10.0,2510.0,12850.0
10.0,2520.0,12900.0
10.0,2530.0,12950.0
10.0,2540.0,13000.0
10.0,2550.0,13050.0
10.0,2560.0,13100.0
10.0,2570.0,13150.0
10.0,2580.0,13200.0
10.0,2590.0,13250.0
10.0,2600.0,13300.0
10.0,2610.0,13350.0
10.0,2620.0,13400.0
10.0,2630.0,13450.0
10.0,2640.0,13500.0
10.0,2650.0,13550.0
10.0,2660.0,13600.0
10.0,2670.0,13650.0
10.0,2680.0,13700.0
10.0,2690.0,13750.0
10.0,2700.0,13800.0
10.0,2710.0,13850.0
10.0,2720.0,13900.0
10.0,2730.0,13950.0
10.0,2740.0,14000.0
10.0,2750.0,14050.0
10.0,2760.0,14100.0
10.0,2770.0,14150.0
10.0,2780.0,14200.0
10.0,2790.0,14250.0
10.0,2800.0,14300.0
10.0,2810.0,14350.0
10.0,2820.0,14400.0
10.0,2830.0,14450.0
10.0,2840.0,14500.0
10.0,2850.0,14550.0
10.0,2860.0,14600.0
10.0,2870.0,14650.0
10.0,2880.0,14700.0
10.0,2890.0,14750.0
10.0,2900.0,14800.0
10.0,2910.0,14850.0
10.0,2920.0,14900.0
10.0,2930.0,14950.0
10.0,2940.0,15000.0
10.0,2950.0,15050.0
10.0,2960.0,15100.0
10.0,2970.0,15150.0
10.0,2980.0,15200.0
10.0,2990.0,15250.0
10.0,3000.0,15300.0
10.0,3010.0,15350.0
10.0,3020.0,15400.0
10.0,3030.0,15450.0
10.0,3040.0,15500.0
10.0,3050.0,15550.0
10.0,3060.0,15600.0
10.0,3070.0,15650.0
10.0,3080.0,15700.0
10.0,3090.0,15750.0
10.0,3100.0,15800.0
10.0,3110.0,15850.0
10.0,3120.0,15900.0
10.0,3130.0,15950.0
10.0,3140.0,16000.0
10.0,3150.0,16050.0
10.0,3160.0,16100.0
10.0,3170.0,16150.0
10.0,3180.0,16200.0
10.0,3190.0,16250.0
10.0,3200.0,16300.0
10.0,3210.0,16350.0
10.0,3220.0,16400.0
10.0,3230.0,16450.0
10.0,3240.0,16500.0
10.0,3250.0,16550.0
10.0,3260.0,16600.0
10.0,3270.0,16650.0
10.0,3280.0,16700.0
10.0,3290.0,16750.0
10.0,3300.0,16800.0
10.0,3310.0,16850.0
10.0,3320.0,16900.0
10.0,3330.0,16950.0
10.0,3340.0,17000.0
10.0,3350.0,17050.0
10.0,3360.0,17100.0
10.0,3370.0,17150.0
10.0,3380.0,17200.0
10.0,3390.0,17250.0
10.0,3400.0,17300.0
10.0,3410.0,17350.0
10.0,3420.0,17400.0
10.0,3430.0,17450.0
10.0,3440.0,17500.0
10.0,3450.0,17550.0
10.0,3460.0,17600.0
10.0,3470.0,17650.0
10.0,3480.0,17700.0
10.0,3490.0,17750.0
10.0,3500.0,17800.0
10.0,3510.0,17850.0
10.0,3520.0,17900.0
10.0,3530.0,17950.0
10.0,3540.0,18000.0
10.0,3550.0,18050.0
10.0,3560.0,18100.0
10.0,3570.0,18150.0
10.0,3580.0,18200.0
10.0,3590.0,18250.0
10.0,3600.0,18300.0
10.0,3610.0,18350.0
10.0,3620.0,18400.0
10.0,3630.0,18450.0
10.0,3640.0,18500.0
10.0,3650.0,18550.0
10.0,3660.0,18600.0
10.0,3670.0,18650.0
10.0,3680.0,18700.0
10.0,3690.0,18750.0
10.0,3700.0,18800.0
10.0,3710.0,18850.0
10.0,3720.0,18900.0
10.0,3730.0,18950.0
10.0,3740.0,19000.0
10.0,3750.0,19050.0
10.0,3760.0,19100.0
10.0,3770.0,19150.0
10.0,3780.0,19200.0
10.0,3790.0,19250.0
10.0,3800.0,19300.0
10.0,3810.0,19350.0
10.0,3820.0,19400.0
10.0,3830.0,19450.0
10.0,3840.0,19500.0
10.0,3850.0,19550.0
10.0,3860.0,19600.0
10.0,3870.0,19650.0
10.0,3880.0,19700.0
10.0,3890.0,19750.0
10.0,3900.0,19800.0
10.0,3910.0,19850.0
10.0,3920.0,19900.0
10.0,3930.0,19950.0
10.0,3940.0,20000.0
10.0,3950.0,20050.0
10.0,3960.0,20100.0
10.0,3970.0,20150.0
10.0,3980.0,20200.0
10.0,3990.0,20250.0
10.0,4000.0,20300.0
10.0,4010.0,20350.0
10.0,4020.0,20400.0
10.0,4030.0,20450.0
10.0,4040.0,20500.0
10.0,4050.0,20550.0
10.0,4060.0,20600.0
10.0,4070.0,20650.0
10.0,4080.0,20700.0
10.0,4090.0,20750.0
10.0,4100.0,20800.0
10.0,4110.0,20850.0
10.0,4120.0,20900.0
10.0,4130.0,20950.0
10.0,4140.0,21000.0
10.0,4150.0,21050.0
10.0,4160.0,21100.0
10.0,4170.0,21150.0
10.0,4180.0,21200.0
10.0,4190.0,21250.0
10.0,4200.0,21300.0
10.0,4210.0,21350.0
10.0,4220.0,21400.0
10.0,4230.0,21450.0
10.0,4240.0,21500.0
10.0,4250.0,21550.0
10.0,4260.0,21600.0
10.0,4270.0,21650.0
10.0,4280.0,21700.0
10.0,4290.0,21750.0
10.0,4300.0,21800.0
10.0,4310.0,21850.0
10.0,4320.0,21900.0
10.0,4330.0,21950.0
10.0,4340.0,22000.0
10.0,4350.0,22050.0
10.0,4360.0,22100.0
10.0,4370.0,22150.0
10.0,4380.0,22200.0
10.0,4390.0,22250.0
10.0,4400.0,22300.0
10.0,4410.0,22350.0
10.0,4420.0,22400.0
10.0,4430.0,22450.0
10.0,4440.0,22500.0
10.0,4450.0,22550.0
10.0,4460.0,22600.0
10.0,4470.0,22650.0
10.0,4480.0,22700.0
10.0,4490.0,22750.0
10.0,4500.0,22800.0
10.0,4510.0,22850.0
10.0,4520.0,22900.0
10.0,4530.0,22950.0
10.0,4540.0,23000.0
10.0,4550.0,23050.0
10.0,4560.0,23100.0
10.0,4570.0,23150.0
10.0,4580.0,23200.0
10.0,4590.0,23250.0
10.0,4600.0,23300.0
10.0,4610.0,23350.0
10.0,4620.0,23400.0
10.0,4630.0,23450.0
10.0,4640.0,23500.0
10.0,4650.0,23550.0
10.0,4660.0,23600.0
10.0,4670.0,23650.0
10.0,4680.0,23700.0
10.0,4690.0,23750.0
10.0,4700.0,23800.0
10.0,4710.0,23850.0
10.0,4720.0,23900.0
10.0,4730.0,23950.0
10.0,4740.0,24000.0
10.0,4750.0,24050.0
10.0,4760.0,24100.0
10.0,4770.0,24150.0
10.0,4780.0,24200.0
10.0,4790.0,24250.0
10.0,4800.0,24300.0
10.0,4810.0,24350.0
10.0,4820.0,24400.0
10.0,4830.0,24450.0
10.0,4840.0,24500.0
10.0,4850.0,24550.0
10.0,4860.0,24600.0
10.0,4870.0,24650.0
10.0,4880.0,24700.0
10.0,4890.0,24750.0
10.0,4900.0,24800.0
10.0,4910.0,24850.0
10.0,4920.0,24900.0
10.0,4930.0,24950.0
10.0,4940.0,25000.0
10.0,4950.0,25050.0
10.0,4960.0,25100.0
10.0,4970.0,25150.0
10.0,4980.0,25200.0
10.0,4990.0,25250.0
10.0,5000.0,25300.0
10.0,5010.0,25350.0
10.0,5020.0,25400.0
10.0,5030.0,25450.0
10.0,5040.0,25500.0
10.0,5050.0,25550.0
10.0,5060.0,25600.0
10.0,5070.0,25650.0
10.0,5080.0,25700.0
10.0,5090.0,25750.0
10.0,5100.0,25800.0
10.0,5110.0,25850.0
10.0,5120.0,25850.0
10.0,5130.0,25850.0
10.0,5140.0,25850.0
10.0,5150.0,25850.0
10.0,5160.0,25850.0
10.0,5170.0,25850.0
10.0,5180.0,25850.0
10.0,5190.0,25850.0
10.0,5200.0,25850.0
10.0,5210.0,25850.0
10.0,5220.0,25850.0
10.0,5230.0,25850.0
10.0,5240.0,25850.0
10.0,5250.0,25850.0
10.0,5260.0,25850.0
10.0,5270.0,25850.0
10.0,5280.0,25850.0
10.0,5290.0,25850.0
10.0,5300.0,25850.0
10.0,5310.0,25850.0
10.0,5320.0,25850.0
10.0,5330.0,25850.0
10.0,5340.0,25850.0
10.0,5350.0,25850.0
10.0,5360.0,25850.0
10.0,5370.0,25850.0
10.0,5380.0,25850.0
10.0,5390.0,25850.0
10.0,5400.0,25850.0
10.0,5410.0,25850.0
10.0,5420.0,25850.0
10.0,5430.0,25850.0
10.0,5440.0,25850.0
10.0,5450.0,25850.0
10.0,5460.0,25850.0
10.0,5470.0,25850.0
10.0,5480.0,25850.0
10.0,5490.0,25850.0
10.0,5500.0,25850.0
10.0,5510.0,25850.0
10.0,5520.0,25850.0
10.0,5530.0,25850.0
10.0,5540.0,25850.0
10.0,5550.0,25850.0
10.0,5560.0,25850.0
10.0,5570.0,25850.0
10.0,5580.0,25850.0
10.0,5590.0,25850.0
10.0,5600.0,25850.0
10.0,5610.0,25850.0
10.0,5620.0,25850.0
10.0,5630.0,25850.0
10.0,5640.0,25850.0
10.0,5650.0,25850.0
10.0,5660.0,25850.0
10.0,5670.0,25850.0
10.0,5680.0,25850.0
10.0,5690.0,25850.0
10.0,5700.0,25850.0
10.0,5710.0,25850.0
10.0,5720.0,25850.0
10.0,5730.0,25850.0
10.0,5740.0,25850.0
10.0,5750.0,25850.0
10.0,5760.0,25850.0
10.0,5770.0,25850.0
10.0,5780.0,25850.0
10.0,5790.0,25850.0
10.0,5800.0,25850.0
10.0,5810.0,25850.0
10.0,5820.0,25850.0
10.0,5830.0,25850.0
10.0,5840.0,25850.0
10.0,5850.0,25850.0
10.0,5860.0,25850.0
10.0,5870.0,25850.0
10.0,5880.0,25850.0
10.0,5890.0,25850.0
10.0,5900.0,25850.0
10.0,5910.0,25850.0
10.0,5920.0,25850.0
10.0,5930.0,25850.0
10.0,5940.0,25850.0
10.0,5950.0,25850.0
10.0,5960.0,25850.0
10.0,5970.0,25850.0
10.0,5980.0,25850.0
10.0,5990.0,25850.0
10.0,6000.0,25850.0
10.0,6010.0,25850.0
10.0,6020.0,25850.0
10.0,6030.0,25850.0
10.0,6040.0,25850.0
10.0,6050.0,25850.0
10.0,6060.0,25850.0
10.0,6070.0,25850.0
10.0,6080.0,25850.0
10.0,6090.0,25850.0
10.0,6100.0,25850.0
10.0,6110.0,25850.0
10.0,6120.0,25850.0
10.0,6130.0,25850.0
10.0,6140.0,25850.0
10.0,6150.0,25850.0
10.0,6160.0,25850.0
10.0,6170.0,25850.0
10.0,6180.0,25850.0
10.0,6190.0,25850.0
10.0,6200.0,25850.0
10.0,6210.0,25850.0
10.0,6220.0,25850.0
10.0,6230.0,25850.0
10.0,6240.0,25850.0
10.0,6250.0,25850.0
10.0,6260.0,25850.0
10.0,6270.0,25850.0
10.0,6280.0,25850.0
10.0,6290.0,25850.0
10.0,6300.0,25850.0
10.0,6310.0,25850.0
10.0,6320.0,25850.0
10.0,6330.0,25850.0
10.0,6340.0,25850.0
10.0,6350.0,25850.0
10.0,6360.0,25850.0
10.0,6370.0,25850.0
10.0,6380.0,25850.0
10.0,6390.0,25850.0
10.0,6400.0,25850.0
10.0,6410.0,25850.0
10.0,6420.0,25850.0
10.0,6430.0,25850.0
10.0,6440.0,25850.0
10.0,6450.0,25850.0
10.0,6460.0,25850.0
10.0,6470.0,25850.0
10.0,6480.0,25850.0
10.0,6490.0,25850.0
10.0,6500.0,25850.0
10.0,6510.0,25850.0
10.0,6520.0,25850.0
10.0,6530.0,25850.0
10.0,6540.0,25850.0
10.0,6550.0,25850.0
10.0,6560.0,25850.0
10.0,6570.0,25850.0
10.0,6580.0,25850.0
10.0,6590.0,25850.0
10.0,6600.0,25850.0
10.0,6610.0,25850.0
10.0,6620.0,25850.0
10.0,6630.0,25850.0
10.0,6640.0,25850.0
10.0,6650.0,25850.0
10.0,6660.0,25850.0
10.0,6670.0,25850.0
10.0,6680.0,25850.0
10.0,6690.0,25850.0
10.0,6700.0,25850.0
10.0,6710.0,25850.0
10.0,6720.0,25850.0
10.0,6730.0,25850.0
10.0,6740.0,25850.0
10.0,6750.0,25850.0
10.0,6760.0,25850.0
10.0,6770.0,25850.0
10.0,6780.0,25850.0
10.0,6790.0,25850.0
10.0,6800.0,25850.0
10.0,6810.0,25850.0
10.0,6820.0,25850.0
10.0,6830.0,25850.0
10.0,6840.0,25850.0
10.0,6850.0,25850.0
10.0,6860.0,25850.0
10.0,6870.0,25850.0
10.0,6880.0,25850.0
10.0,6890.0,25850.0
10.0,6900.0,25850.0
10.0,6910.0,25850.0
10.0,6920.0,25850.0
10.0,6930.0,25850.0
10.0,6940.0,25850.0
10.0,6950.0,25850.0
10.0,6960.0,25850.0
10.0,6970.0,25850.0
10.0,6980.0,25850.0
10.0,6990.0,25850.0
10.0,7000.0,25850.0
10.0,7010.0,25850.0
10.0,7020.0,25850.0
10.0,7030.0,25850.0
10.0,7040.0,25850.0
10.0,7050.0,25850.0
10.0,7060.0,25850.0
10.0,7070.0,25850.0
10.0,7080.0,25850.0
10.0,7090.0,25850.0
10.0,7100.0,25850.0
10.0,7110.0,25850.0
10.0,7120.0,25850.0
10.0,7130.0,25850.0
10.0,7140.0,25850.0
10.0,7150.0,25850.0
10.0,7160.0,25850.0
10.0,7170.0,25850.0
10.0,7180.0,25850.0
10.0,7190.0,25850.0
10.0,7200.0,25850.0
10.0,7210.0,25850.0
10.0,7220.0,25850.0
10.0,7230.0,25850.0
10.0,7240.0,25850.0
10.0,7250.0,25850.0
10.0,7260.0,25850.0
10.0,7270.0,25850.0
10.0,7280.0,25850.0
10.0,7290.0,25850.0
10.0,7300.0,25850.0
10.0,7310.0,25850.0
10.0,7320.0,25850.0
10.0,7330.0,25850.0
10.0,7340.0,25850.0
10.0,7350.0,25850.0
10.0,7360.0,25850.0
10.0,7370.0,25850.0
10.0,7380.0,25850.0
10.0,7390.0,25850.0
10.0,7400.0,25850.0
10.0,7410.0,25850.0
10.0,7420.0,25850.0
10.0,7430.0,25850.0
10.0,7440.0,25850.0
10.0,7450.0,25850.0
10.0,7460.0,25850.0
10.0,7470.0,25850.0
10.0,7480.0,25850.0
10.0,7490.0,25850.0
10.0,7500.0,25850.0
10.0,7510.0,25850.0
10.0,7520.0,25850.0
10.0,7530.0,25850.0
10.0,7540.0,25850.0
10.0,7550.0,25850.0
10.0,7560.0,25850.0
10.0,7570.0,25850.0
10.0,7580.0,25850.0
10.0,7590.0,25850.0
10.0,7600.0,25850.0
10.0,7610.0,25850.0
10.0,7620.0,25850.0
10.0,7630.0,25850.0
10.0,7640.0,25850.0
10.0,7650.0,25850.0
10.0,7660.0,25850.0
10.0,7670.0,25850.0
10.0,7680.0,25850.0
10.0,7690.0,25850.0
10.0,7700.0,25850.0
10.0,7710.0,25850.0
10.0,7720.0,25850.0
10.0,7730.0,25850.0
10.0,7740.0,25850.0
10.0,7750.0,25850.0
10.0,7760.0,25850.0
10.0,7770.0,25850.0
10.0,7780.0,25850.0
10.0,7790.0,25850.0
10.0,7800.0,25850.0
10.0,7810.0,25850.0
10.0,7820.0,25850.0
10.0,7830.0,25850.0
10.0,7840.0,25850.0
10.0,7850.0,25850.0
10.0,7860.0,25850.0
10.0,7870.0,25850.0
10.0,7880.0,25850.0
10.0,7890.0,25850.0
10.0,7900.0,25850.0
10.0,7910.0,25850.0
10.0,7920.0,25850.0
10.0,7930.0,25850.0
10.0,7940.0,25850.0
10.0,7950.0,25850.0
10.0,7960.0,25850.0
10.0,7970.0,25850.0
10.0,7980.0,25850.0
10.0,7990.0,25850.0
10.0,8000.0,25850.0
10.0,8010.0,25850.0
10.0,8020.0,25850.0
10.0,8030.0,25850.0
10.0,8040.0,25850.0
10.0,8050.0,25850.0
10.0,8060.0,25850.0
10.0,8070.0,25850.0
10.0,8080.0,25850.0
10.0,8090.0,25850.0
10.0,8100.0,25850.0
10.0,8110.0,25850.0
10.0,8120.0,25850.0
10.0,8130.0,25850.0
10.0,8140.0,25850.0
10.0,8150.0,25850.0
10.0,8160.0,25850.0
10.0,8170.0,25850.0
10.0,8180.0,25850.0
10.0,8190.0,25850.0
10.0,8200.0,25850.0
10.0,8210.0,25850.0
10.0,8220.0,25850.0
10.0,8230.0,25850.0
10.0,8240.0,25850.0
10.0,8250.0,25850.0
10.0,8260.0,25850.0
10.0,8270.0,25850.0
10.0,8280.0,25850.0
10.0,8290.0,25850.0
10.0,8300.0,25850.0
10.0,8310.0,25850.0
10.0,8320.0,25850.0
10.0,8330.0,25850.0
10.0,8340.0,25850.0
10.0,8350.0,25850.0
10.0,8360.0,25850.0
10.0,8370.0,25850.0
10.0,8380.0,25850.0
10.0,8390.0,25850.0
10.0,8400.0,25850.0
10.0,8410.0,25850.0
10.0,8420.0,25850.0
10.0,8430.0,25850.0
10.0,8440.0,25850.0
10.0,8450.0,25850.0
10.0,8460.0,25850.0
10.0,8470.0,25850.0
10.0,8480.0,25850.0
10.0,8490.0,25850.0
10.0,8500.0,25850.0
10.0,8510.0,25850.0
10.0,8520.0,25850.0
10.0,8530.0,25850.0
10.0,8540.0,25850.0
10.0,8550.0,25850.0
10.0,8560.0,25850.0
10.0,8570.0,25850.0
10.0,8580.0,25850.0
10.0,8590.0,25850.0
10.0,8600.0,25850.0
10.0,8610.0,25850.0
10.0,8620.0,25850.0
10.0,8630.0,25850.0
10.0,8640.0,25850.0
10.0,8650.0,25850.0
10.0,8660.0,25850.0
10.0,8670.0,25850.0
10.0,8680.0,25850.0
10.0,8690.0,25850.0
10.0,8700.0,25850.0
10.0,8710.0,25850.0
10.0,8720.0,25780.0
10.0,8730.0,25710.0
10.0,8740.0,25640.0
10.0,8750.0,25570.0
10.0,8760.0,25500.0
10.0,8770.0,25430.0
10.0,8780.0,25360.0
10.0,8790.0,25290.0
10.0,8800.0,25220.0
10.0,8810.0,25150.0
10.0,8820.0,25080.0
10.0,8830.0,25010.0
10.0,8840.0,24940.0
10.0,8850.0,24870.0
10.0,8860.0,24800.0
10.0,8870.0,24730.0
10.0,8880.0,24660.0
10.0,8890.0,24590.0
10.0,8900.0,24520.0
10.0,8910.0,24450.0
10.0,8920.0,24380.0
10.0,8930.0,24310.0
10.0,8940.0,24240.0
10.0,8950.0,24170.0
10.0,8960.0,24100.0
10.0,8970.0,24030.0
10.0,8980.0,23960.0
10.0,8990.0,23890.0
10.0,9000.0,23820.0
10.0,9010.0,23750.0
10.0,9020.0,23680.0
10.0,9030.0,23610.0
10.0,9040.0,23540.0
10.0,9050.0,23470.0
10.0,9060.0,23400.0
10.0,9070.0,23330.0
10.0,9080.0,23260.0
10.0,9090.0,23190.0
10.0,9100.0,23120.0
10.0,9110.0,23050.0
10.0,9120.0,22980.0
10.0,9130.0,22910.0
10.0,9140.0,22840.0
10.0,9150.0,22770.0
10.0,9160.0,22700.0
10.0,9170.0,22630.0
10.0,9180.0,22560.0
10.0,9190.0,22490.0
10.0,9200.0,22420.0
10.0,9210.0,22350.0
10.0,9220.0,22280.0
10.0,9230.0,22210.0
10.0,9240.0,22140.0
10.0,9250.0,22070.0
10.0,9260.0,22000.0
10.0,9270.0,21930.0
10.0,9280.0,21860.0
10.0,9290.0,21790.0
10.0,9300.0,21720.0
10.0,9310.0,21650.0
10.0,9320.0,21580.0
10.0,9330.0,21510.0
10.0,9340.0,21440.0
10.0,9350.0,21370.0
10.0,9360.0,21300.0
10.0,9370.0,21230.0
10.0,9380.0,21160.0
10.0,9390.0,21090.0
10.0,9400.0,21020.0
10.0,9410.0,20950.0
10.0,9420.0,20880.0
10.0,9430.0,20810.0
10.0,9440.0,20740.0
10.0,9450.0,20670.0
10.0,9460.0,20600.0
10.0,9470.0,20530.0
10.0,9480.0,20460.0
10.0,9490.0,20390.0
10.0,9500.0,20320.0
10.0,9510.0,20250.0
10.0,9520.0,20180.0
10.0,9530.0,20110.0
10.0,9540.0,20040.0
10.0,9550.0,19970.0
10.0,9560.0,19900.0
10.0,9570.0,19830.0
10.0,9580.0,19760.0
10.0,9590.0,19690.0
10.0,9600.0,19620.0
10.0,9610.0,19550.0
10.0,9620.0,19480.0
10.0,9630.0,19410.0
10.0,9640.0,19340.0
10.0,9650.0,19270.0
10.0,9660.0,19200.0
10.0,9670.0,19130.0
10.0,9680.0,19060.0
10.0,9690.0,18990.0
10.0,9700.0,18920.0
10.0,9710.0,18850.0
10.0,9720.0,18780.0
10.0,9730.0,18710.0
10.0,9740.0,18640.0
10.0,9750.0,18570.0
10.0,9760.0,18500.0
10.0,9770.0,18430.0
10.0,9780.0,18360.0
10.0,9790.0,18290.0
10.0,9800.0,18220.0
10.0,9810.0,18150.0
10.0,9820.0,18080.0
10.0,9830.0,18010.0
10.0,9840.0,17940.0
10.0,9850.0,17870.0
10.0,9860.0,17800.0
10.0,9870.0,17730.0
10.0,9880.0,17660.0
10.0,9890.0,17590.0
10.0,9900.0,17520.0
10.0,9910.0,17450.0
10.0,9920.0,17380.0
10.0,9930.0,17310.0
10.0,9940.0,17240.0
10.0,9950.0,17170.0
10.0,9960.0,17100.0
10.0,9970.0,17030.0
10.0,9980.0,16960.0
10.0,9990.0,16890.0
10.0,10000.0,16820.0
10.0,10010.0,16750.0
10.0,10020.0,16680.0
10.0,10030.0,16610.0
10.0,10040.0,16540.0
10.0,10050.0,16470.0
10.0,10060.0,16400.0
10.0,10070.0,16330.0
10.0,10080.0,16260.0
10.0,10090.0,16190.0
10.0,10100.0,16120.0
10.0,10110.0,16050.0
10.0,10120.0,15980.0
10.0,10130.0,15910.0
10.0,10140.0,15840.0
10.0,10150.0,15770.0
10.0,10160.0,15700.0
10.0,10170.0,15630.0
10.0,10180.0,15560.0
10.0,10190.0,15490.0
10.0,10200.0,15420.0
10.0,10210.0,15350.0
10.0,10220.0,15280.0
10.0,10230.0,15210.0
10.0,10240.0,15140.0
10.0,10250.0,15070.0
10.0,10260.0,15000.0
10.0,10270.0,14930.0
10.0,10280.0,14860.0
10.0,10290.0,14790.0
10.0,10300.0,14720.0
10.0,10310.0,14650.0
10.0,10320.0,14580.0
10.0,10330.0,14510.0
10.0,10340.0,14440.0
10.0,10350.0,14370.0
10.0,10360.0,14300.0
10.0,10370.0,14230.0
10.0,10380.0,14160.0
10.0,10390.0,14090.0
10.0,10400.0,14020.0
10.0,10410.0,13950.0
10.0,10420.0,13880.0
10.0,10430.0,13810.0
10.0,10440.0,13740.0
10.0,10450.0,13670.0
10.0,10460.0,13600.0
10.0,10470.0,13530.0
10.0,10480.0,13460.0
10.0,10490.0,13390.0
10.0,10500.0,13320.0
10.0,10510.0,13250.0
10.0,10520.0,13180.0
10.0,10530.0,13110.0
10.0,10540.0,13040.0
10.0,10550.0,12970.0
10.0,10560.0,12900.0
10.0,10570.0,12830.0
10.0,10580.0,12760.0
10.0,10590.0,12690.0
10.0,10600.0,12620.0
10.0,10610.0,12550.0
10.0,10620.0,12480.0
10.0,10630.0,12410.0
10.0,10640.0,12340.0
10.0,10650.0,12270.0
10.0,10660.0,12200.0
10.0,10670.0,12130.0
10.0,10680.0,12060.0
10.0,10690.0,11990.0
10.0,10700.0,11920.0
10.0,10710.0,11850.0
10.0,10720.0,11780.0
10.0,10730.0,11710.0
10.0,10740.0,11640.0
10.0,10750.0,11570.0
10.0,10760.0,11500.0
10.0,10770.0,11430.0
10.0,10780.0,11360.0
10.0,10790.0,11290.0
10.0,10800.0,11220.0
10.0,10810.0,11150.0
10.0,10820.0,11080.0
10.0,10830.0,11010.0
10.0,10840.0,10940.0
10.0,10850.0,10870.0
10.0,10860.0,10800.0
10.0,10870.0,10730.0
10.0,10880.0,10660.0
10.0,10890.0,10590.0
10.0,10900.0,10520.0
10.0,10910.0,10450.0
10.0,10920.0,10380.0
10.0,10930.0,10310.0
10.0,10940.0,10240.0
10.0,10950.0,10170.0
10.0,10960.0,10100.0
10.0,10970.0,10030.0
10.0,10980.0,9960.0
10.0,10990.0,9890.0
10.0,11000.0,9820.0
10.0,11010.0,9750.0
10.0,11020.0,9680.0
10.0,11030.0,9610.0
10.0,11040.0,9540.0
10.0,11050.0,9470.0
10.0,11060.0,9400.0
10.0,11070.0,9330.0
10.0,11080.0,9260.0
10.0,11090.0,9190.0
10.0,11100.0,9120.0
10.0,11110.0,9050.0
10.0,11120.0,8980.0
10.0,11130.0,8910.0
10.0,11140.0,8840.0
10.0,11150.0,8770.0
10.0,11160.0,8700.0
10.0,11170.0,8630.0
10.0,11180.0,8560.0
10.0,11190.0,8490.0
10.0,11200.0,8420.0
10.0,11210.0,8350.0
10.0,11220.0,8280.0
10.0,11230.0,8210.0
10.0,11240.0,8140.0
10.0,11250.0,8070.0
10.0,11260.0,8000.0
10.0,11270.0,7930.0
10.0,11280.0,7860.0
10.0,11290.0,7790.0
10.0,11300.0,7720.0
10.0,11310.0,7650.0
10.0,11320.0,7580.0
10.0,11330.0,7510.0
10.0,11340.0,7440.0
10.0,11350.0,7370.0
10.0,11360.0,7300.0
10.0,11370.0,7230.0
10.0,11380.0,7160.0
10.0,11390.0,7090.0
10.0,11400.0,7020.0
10.0,11410.0,6950.0
10.0,11420.0,6880.0
10.0,11430.0,6810.0
10.0,11440.0,6740.0
10.0,11450.0,6670.0
10.0,11460.0,6600.0
10.0,11470.0,6530.0
10.0,11480.0,6460.0
10.0,11490.0,6390.0
10.0,11500.0,6320.0
10.0,11510.0,6250.0
10.0,11520.0,6180.0
10.0,11530.0,6110.0
10.0,11540.0,6040.0
10.0,11550.0,5970.0
10.0,11560.0,5900.0
10.0,11570.0,5830.0
10.0,11580.0,5760.0
10.0,11590.0,5690.0
10.0,11600.0,5620.0
10.0,11610.0,5550.0
10.0,11620.0,5480.0
10.0,11630.0,5410.0
10.0,11640.0,5340.0
10.0,11650.0,5270.0
10.0,11660.0,5200.0
10.0,11670.0,5130.0
10.0,11680.0,5060.0
10.0,11690.0,4990.0
10.0,11700.0,4920.0
10.0,11710.0,4850.0
10.0,11720.0,4780.0
10.0,11730.0,4710.0
10.0,11740.0,4640.0
10.0,11750.0,4570.0
10.0,11760.0,4500.0
10.0,11770.0,4430.0
10.0,11780.0,4360.0
10.0,11790.0,4290.0
10.0,11800.0,4220.0
10.0,11810.0,4150.0
10.0,11820.0,4080.0
10.0,11830.0,4010.0
10.0,11840.0,3940.0
10.0,11850.0,3870.0
10.0,11860.0,3800.0
10.0,11870.0,3730.0
10.0,11880.0,3660.0
10.0,11890.0,3590.0
10.0,11900.0,3520.0
10.0,11910.0,3450.0
10.0,11920.0,3380.0
10.0,11930.0,3310.0
10.0,11940.0,3240.0
10.0,11950.0,3170.0
10.0,11960.0,3100.0
10.0,11970.0,3030.0
10.0,11980.0,2960.0
10.0,11990.0,2890.0
10.0,12000.0,2820.0
10.0,12010.0,2750.0
10.0,12020.0,2680.0
10.0,12030.0,2610.0
10.0,12040.0,2540.0
10.0,12050.0,2470.0
10.0,12060.0,2400.0
10.0,12070.0,2330.0
10.0,12080.0,2260.0
10.0,12090.0,2190.0
10.0,12100.0,2120.0
10.0,12110.0,2050.0
10.0,12120.0,1980.0
10.0,12130.0,1910.0
10.0,12140.0,1840.0
10.0,12150.0,1770.0
10.0,12160.0,1700.0
10.0,12170.0,1630.0
10.0,12180.0,1560.0
10.0,12190.0,1490.0
10.0,12200.0,1420.0
10.0,12210.0,1350.0
10.0,12220.0,1280.0
10.0,12230.0,1210.0
10.0,12240.0,1140.0
10.0,12250.0,1070.0
10.0,12260.0,1000.0
10.0,12270.0,930.0
10.0,12280.0,860.0
10.0,12290.0,790.0
10.0,12300.0,720.0
10.0,12310.0,650.0
10.0,12320.0,580.0
10.0,12330.0,510.0
10.0,12340.0,440.0
10.0,12350.0,370.0
10.0,12360.0,300.0
