15.0,0,300.0
15.0,15.0,375.0
15.0,30.0,450.0
15.0,45.0,525.0
15.0,60.0,600.0
15.0,75.0,675.0
15.0,90.0,750.0
15.0,105.0,825.0
15.0,120.0,900.0
15.0,135.0,975.0
15.0,150.0,1050.0
15.0,165.0,1125.0
15.0,180.0,1200.0
15.0,195.0,1275.0
15.0,210.0,1350.0
15.0,225.0,1425.0
15.0,240.0,1500.0
15.0,255.0,1575.0
15.0,270.0,1650.0
15.0,285.0,1725.0
15.0,300.0,1800.0
15.0,315.0,1875.0
15.0,330.0,1950.0
15.0,345.0,2025.0
15.0,360.0,2100.0
15.0,375.0,2175.0
15.0,390.0,2250.0
15.0,405.0,2325.0
15.0,420.0,2400.0
15.0,435.0,2475.0
15.0,450.0,2550.0
15.0,465.0,2625.0
15.0,480.0,2700.0
15.0,495.0,2775.0
15.0,510.0,2850.0
15.0,525.0,2925.0
15.0,540.0,3000.0
15.0,555.0,3075.0
15.0,570.0,3150.0
15.0,585.0,3225.0
15.0,600.0,3300.0
15.0,615.0,3375.0
15.0,630.0,3450.0
15.0,645.0,3525.0
15.0,660.0,3600.0
15.0,675.0,3675.0
15.0,690.0,3750.0
15.0,705.0,3825.0
15.0,720.0,3900.0
15.0,735.0,3975.0
15.0,750.0,4050.0
15.0,765.0,4125.0
15.0,780.0,4200.0
15.0,795.0,4275.0
15.0,810.0,4350.0
15.0,825.0,4425.0
15.0,840.0,4500.0
15.0,855.0,4575.0
15.0,870.0,4650.0
15.0,885.0,4725.0
15.0,900.0,4800.0
15.0,915.0,4875.0
15.0,930.0,4950.0
15.0,945.0,5025.0
15.0,960.0,5100.0
15.0,975.0,5175.0
15.0,990.0,5250.0
15.0,1005.0,5325.0
15.0,1020.0,5400.0
15.0,1035.0,5475.0
15.0,1050.0,5550.0
15.0,1065.0,5625.0
15.0,1080.0,5700.0
15.0,1095.0,5775.0
15.0,1110.0,5850.0
15.0,1125.0,5925.0
15.0,1140.0,6000.0
15.0,1155.0,6075.0
15.0,1170.0,6150.0
15.0,1185.0,6225.0
15.0,1200.0,6300.0
15.0,1215.0,6375.0
15.0,1230.0,6450.0
15.0,1245.0,6525.0
15.0,1260.0,6600.0
15.0,1275.0,6675.0
15.0,1290.0,6750.0
15.0,1305.0,6825.0
15.0,1320.0,6900.0
15.0,1335.0,6975.0
15.0,1350.0,7050.0
15.0,1365.0,7125.0
15.0,1380.0,7200.0
15.0,1395.0,7275.0
15.0,1410.0,7350.0
15.0,1425.0,7425.0
15.0,1440.0,7500.0
15.0,1455.0,7575.0
15.0,1470.0,7650.0
15.0,1485.0,7725.0
15.0,1500.0,7800.0
15.0,1515.0,7875.0
15.0,1530.0,7950.0
15.0,1545.0,8025.0
15.0,1560.0,8100.0
15.0,1575.0,8175.0
15.0,1590.0,8250.0
15.0,1605.0,8325.0
15.0,1620.0,8400.0
15.0,1635.0,8475.0
15.0,1650.0,8550.0
15.0,1665.0,8625.0
15.0,1680.0,8700.0
15.0,1695.0,8775.0
15.0,1710.0,8850.0
15.0,1725.0,8925.0
15.0,1740.0,9000.0
15.0,1755.0,9075.0
15.0,1770.0,9150.0
15.0,1785.0,9225.0
15.0,1800.0,9300.0
15.0,1815.0,9375.0
15.0,1830.0,9450.0
15.0,1845.0,9525.0
15.0,1860.0,9600.0
15.0,1875.0,9675.0
15.0,1890.0,9750.0
15.0,1905.0,9825.0
15.0,1920.0,9900.0
15.0,1935.0,9975.0
15.0,1950.0,10050.0
15.0,1965.0,10125.0
15.0,1980.0,10200.0
15.0,1995.0,10275.0
15.0,2010.0,10350.0
15.0,2025.0,10425.0
15.0,2040.0,10500.0
15.0,2055.0,10575.0
15.0,2070.0,10650.0
15.0,2085.0,10725.0
15.0,2100.0,10800.0
15.0,2115.0,10875.0
15.0,2130.0,10950.0
15.0,2145.0,11025.0
15.0,2160.0,11100.0
15.0,2175.0,11175.0
15.0,2190.0,11250.0
15.0,2205.0,11325.0
15.0,2220.0,11400.0
15.0,2235.0,11475.0
15.0,2250.0,11550.0
15.0,2265.0,11625.0
15.0,2280.0,11700.0
15.0,2295.0,11775.0
15.0,2310.0,11850.0
15.0,2325.0,11925.0
15.0,2340.0,12000.0
15.0,2355.0,12075.0
15.0,2370.0,12150.0
15.0,2385.0,12225.0
15.0,2400.0,12300.0
15.0,2415.0,12375.0
15.0,2430.0,12450.0
15.0,2445.0,12525.0
15.0,2460.0,12600.0
15.0,2475.0,12675.0
15.0,2490.0,12750.0
15.0,2505.0,12825.0
15.0,2520.0,12900.0
15.0,2535.0,12975.0
15.0,2550.0,13050.0
15.0,2565.0,13125.0
15.0,2580.0,13200.0
15.0,2595.0,13275.0
15.0,2610.0,13350.0
15.0,2625.0,13425.0
15.0,2640.0,13500.0
15.0,2655.0,13575.0
15.0,2670.0,13650.0
15.0,2685.0,13725.0
15.0,2700.0,13800.0
15.0,2715.0,13875.0
15.0,2730.0,13950.0
15.0,2745.0,14025.0
15.0,2760.0,14100.0
15.0,2775.0,14175.0
15.0,2790.0,14250.0
15.0,2805.0,14325.0
15.0,2820.0,14400.0
15.0,2835.0,14475.0
15.0,2850.0,14550.0
15.0,2865.0,14625.0
15.0,2880.0,14700.0
15.0,2895.0,14775.0
15.0,2910.0,14850.0
15.0,2925.0,14925.0
15.0,2940.0,15000.0
15.0,2955.0,15075.0
15.0,2970.0,15150.0
15.0,2985.0,15225.0
15.0,3000.0,15300.0
15.0,3015.0,15375.0
15.0,3030.0,15450.0
15.0,3045.0,15525.0
15.0,3060.0,15600.0
15.0,3075.0,15675.0
15.0,3090.0,15750.0
15.0,3105.0,15825.0
15.0,3120.0,15900.0
15.0,3135.0,15975.0
15.0,3150.0,16050.0
15.0,3165.0,16125.0
15.0,3180.0,16200.0
15.0,3195.0,16275.0
15.0,3210.0,16350.0
15.0,3225.0,16425.0
15.0,3240.0,16500.0
15.0,3255.0,16575.0
15.0,3270.0,16650.0
15.0,3285.0,16725.0
15.0,3300.0,16800.0
15.0,3315.0,16875.0
15.0,3330.0,16950.0
15.0,3345.0,17025.0
15.0,3360.0,17100.0
15.0,3375.0,17175.0
15.0,3390.0,17250.0
15.0,3405.0,17325.0
15.0,3420.0,17400.0
15.0,3435.0,17475.0
15.0,3450.0,17550.0
15.0,3465.0,17625.0
15.0,3480.0,17700.0
15.0,3495.0,17775.0
15.0,3510.0,17850.0
15.0,3525.0,17925.0
15.0,3540.0,18000.0
15.0,3555.0,18075.0
15.0,3570.0,18150.0
15.0,3585.0,18225.0
15.0,3600.0,18300.0
15.0,3615.0,18375.0
15.0,3630.0,18450.0
15.0,3645.0,18525.0
15.0,3660.0,18600.0
15.0,3675.0,18675.0
15.0,3690.0,18750.0
15.0,3705.0,18825.0
15.0,3720.0,18900.0
15.0,3735.0,18975.0
15.0,3750.0,19050.0
15.0,3765.0,19125.0
15.0,3780.0,19200.0
15.0,3795.0,19275.0
15.0,3810.0,19350.0
15.0,3825.0,19425.0
15.0,3840.0,19500.0
15.0,3855.0,19575.0
15.0,3870.0,19650.0
15.0,3885.0,19725.0
15.0,3900.0,19800.0
15.0,3915.0,19875.0
15.0,3930.0,19950.0
15.0,3945.0,20025.0
15.0,3960.0,20100.0
15.0,3975.0,20175.0
15.0,3990.0,20250.0
15.0,4005.0,20325.0
15.0,4020.0,20400.0
15.0,4035.0,20475.0
15.0,4050.0,20550.0
15.0,4065.0,20625.0
15.0,4080.0,20700.0
15.0,4095.0,20775.0
15.0,4110.0,20850.0
15.0,4125.0,20925.0
15.0,4140.0,21000.0
15.0,4155.0,21075.0
15.0,4170.0,21150.0
15.0,4185.0,21225.0
15.0,4200.0,21300.0
15.0,4215.0,21375.0
15.0,4230.0,21450.0
15.0,4245.0,21525.0
15.0,4260.0,21600.0
15.0,4275.0,21675.0
15.0,4290.0,21750.0
15.0,4305.0,21825.0
15.0,4320.0,21900.0
15.0,4335.0,21975.0
15.0,4350.0,22050.0
15.0,4365.0,22125.0
15.0,4380.0,22200.0
15.0,4395.0,22275.0
15.0,4410.0,22350.0
15.0,4425.0,22425.0
15.0,4440.0,22500.0
15.0,4455.0,22575.0
15.0,4470.0,22650.0
15.0,4485.0,22725.0
15.0,4500.0,22800.0
15.0,4515.0,22875.0
15.0,4530.0,22950.0
15.0,4545.0,23025.0
15.0,4560.0,23100.0
15.0,4575.0,23175.0
15.0,4590.0,23250.0
15.0,4605.0,23325.0
15.0,4620.0,23400.0
15.0,4635.0,23475.0
15.0,4650.0,23550.0
15.0,4665.0,23625.0
15.0,4680.0,23700.0
15.0,4695.0,23775.0
15.0,4710.0,23850.0
15.0,4725.0,23925.0
15.0,4740.0,24000.0
15.0,4755.0,24075.0
15.0,4770.0,24150.0
15.0,4785.0,24225.0
15.0,4800.0,24300.0
15.0,4815.0,24375.0
15.0,4830.0,24450.0
15.0,4845.0,24525.0
15.0,4860.0,24600.0
15.0,4875.0,24675.0
15.0,4890.0,24750.0
15.0,4905.0,24825.0
15.0,4920.0,24900.0
15.0,4935.0,24975.0
15.0,4950.0,25050.0
15.0,4965.0,25050.0
15.0,4980.0,25050.0
15.0,4995.0,25050.0
15.0,5010.0,25050.0
15.0,5025.0,25050.0
15.0,5040.0,25050.0
15.0,5055.0,25050.0
15.0,5070.0,25050.0
15.0,5085.0,25050.0
15.0,5100.0,25050.0
15.0,5115.0,25050.0
15.0,5130.0,25050.0
15.0,5145.0,25050.0
15.0,5160.0,25050.0
15.0,5175.0,25050.0
15.0,5190.0,25050.0
15.0,5205.0,25050.0
15.0,5220.0,25050.0
15.0,5235.0,25050.0
15.0,5250.0,25050.0
15.0,5265.0,25050.0
15.0,5280.0,25050.0
15.0,5295.0,25050.0
15.0,5310.0,25050.0
15.0,5325.0,25050.0
15.0,5340.0,25050.0
15.0,5355.0,25050.0
15.0,5370.0,25050.0
15.0,5385.0,25050.0
15.0,5400.0,25050.0
15.0,5415.0,25050.0
15.0,5430.0,25050.0
15.0,5445.0,25050.0
15.0,5460.0,25050.0
15.0,5475.0,25050.0
15.0,5490.0,25050.0
15.0,5505.0,25050.0
15.0,5520.0,25050.0
15.0,5535.0,25050.0
15.0,5550.0,25050.0
15.0,5565.0,25050.0
15.0,5580.0,25050.0
15.0,5595.0,25050.0
15.0,5610.0,25050.0
15.0,5625.0,25050.0
15.0,5640.0,25050.0
15.0,5655.0,25050.0
15.0,5670.0,25050.0
15.0,5685.0,25050.0
15.0,5700.0,25050.0
15.0,5715.0,25050.0
15.0,5730.0,25050.0
15.0,5745.0,25050.0
15.0,5760.0,25050.0
15.0,5775.0,25050.0
15.0,5790.0,25050.0
15.0,5805.0,25050.0
15.0,5820.0,25050.0
15.0,5835.0,25050.0
15.0,5850.0,25050.0
15.0,5865.0,25050.0
15.0,5880.0,25050.0
15.0,5895.0,25050.0
15.0,5910.0,25050.0
15.0,5925.0,25050.0
15.0,5940.0,25050.0
15.0,5955.0,25050.0
15.0,5970.0,25050.0
15.0,5985.0,25050.0
15.0,6000.0,25050.0
15.0,6015.0,25050.0
15.0,6030.0,25050.0
15.0,6045.0,25050.0
15.0,6060.0,25050.0
15.0,6075.0,25050.0
15.0,6090.0,25050.0
15.0,6105.0,25050.0
15.0,6120.0,25050.0
15.0,6135.0,25050.0
15.0,6150.0,25050.0
15.0,6165.0,25050.0
15.0,6180.0,25050.0
15.0,6195.0,25050.0
15.0,6210.0,25050.0
15.0,6225.0,25050.0
15.0,6240.0,25050.0
15.0,6255.0,25050.0
15.0,6270.0,25050.0
15.0,6285.0,25050.0
15.0,6300.0,25050.0
15.0,6315.0,25050.0
15.0,6330.0,25050.0
15.0,6345.0,25050.0
15.0,6360.0,25050.0
15.0,6375.0,25050.0
15.0,6390.0,25050.0
15.0,6405.0,25050.0
15.0,6420.0,25050.0
15.0,6435.0,25050.0
15.0,6450.0,25050.0
15.0,6465.0,25050.0
15.0,6480.0,25050.0
15.0,6495.0,25050.0
15.0,6510.0,25050.0
15.0,6525.0,25050.0
15.0,6540.0,25050.0
15.0,6555.0,25050.0
15.0,6570.0,25050.0
15.0,6585.0,25050.0
15.0,6600.0,25050.0
15.0,6615.0,25050.0
15.0,6630.0,25050.0
15.0,6645.0,25050.0
15.0,6660.0,25050.0
15.0,6675.0,25050.0
15.0,6690.0,25050.0
15.0,6705.0,25050.0
15.0,6720.0,25050.0
15.0,6735.0,25050.0
15.0,6750.0,25050.0
15.0,6765.0,25050.0
15.0,6780.0,25050.0
15.0,6795.0,25050.0
15.0,6810.0,25050.0
15.0,6825.0,25050.0
15.0,6840.0,25050.0
15.0,6855.0,25050.0
15.0,6870.0,25050.0
15.0,6885.0,25050.0
15.0,6900.0,25050.0
15.0,6915.0,25050.0
15.0,6930.0,25050.0
15.0,6945.0,25050.0
15.0,6960.0,25050.0
15.0,6975.0,25050.0
15.0,6990.0,25050.0
15.0,7005.0,25050.0
15.0,7020.0,25050.0
15.0,7035.0,25050.0
15.0,7050.0,25050.0
15.0,7065.0,25050.0
15.0,7080.0,25050.0
15.0,7095.0,25050.0
15.0,7110.0,25050.0
15.0,7125.0,25050.0
15.0,7140.0,25050.0
15.0,7155.0,25050.0
15.0,7170.0,25050.0
15.0,7185.0,25050.0
15.0,7200.0,25050.0
15.0,7215.0,25050.0
15.0,7230.0,25050.0
15.0,7245.0,25050.0
15.0,7260.0,25050.0
15.0,7275.0,25050.0
15.0,7290.0,25050.0
15.0,7305.0,25050.0
15.0,7320.0,25050.0
15.0,7335.0,25050.0
15.0,7350.0,25050.0
15.0,7365.0,25050.0
15.0,7380.0,25050.0
15.0,7395.0,25050.0
15.0,7410.0,25050.0
15.0,7425.0,25050.0
15.0,7440.0,25050.0
15.0,7455.0,25050.0
15.0,7470.0,25050.0
15.0,7485.0,25050.0
15.0,7500.0,25050.0
15.0,7515.0,25050.0
15.0,7530.0,25050.0
15.0,7545.0,25050.0
15.0,7560.0,25050.0
15.0,7575.0,25050.0
15.0,7590.0,25050.0
15.0,7605.0,25050.0
15.0,7620.0,25050.0
15.0,7635.0,25050.0
15.0,7650.0,25050.0
15.0,7665.0,25050.0
15.0,7680.0,25050.0
15.0,7695.0,25050.0
15.0,7710.0,25050.0
15.0,7725.0,25050.0
15.0,7740.0,25050.0
15.0,7755.0,25050.0
15.0,7770.0,25050.0
15.0,7785.0,25050.0
15.0,7800.0,25050.0
15.0,7815.0,25050.0
15.0,7830.0,25050.0
15.0,7845.0,25050.0
15.0,7860.0,25050.0
15.0,7875.0,25050.0
15.0,7890.0,25050.0
15.0,7905.0,25050.0
15.0,7920.0,25050.0
15.0,7935.0,25050.0
15.0,7950.0,25050.0
15.0,7965.0,25050.0
15.0,7980.0,25050.0
15.0,7995.0,25050.0
15.0,8010.0,25050.0
15.0,8025.0,25050.0
15.0,8040.0,25050.0
15.0,8055.0,25050.0
15.0,8070.0,25050.0
15.0,8085.0,25050.0
15.0,8100.0,25050.0
15.0,8115.0,25050.0
15.0,8130.0,25050.0
15.0,8145.0,25050.0
15.0,8160.0,25050.0
15.0,8175.0,25050.0
15.0,8190.0,25050.0
15.0,8205.0,25050.0
15.0,8220.0,25050.0
15.0,8235.0,25050.0
15.0,8250.0,25050.0
15.0,8265.0,25050.0
15.0,8280.0,25050.0
15.0,8295.0,25050.0
15.0,8310.0,25050.0
15.0,8325.0,25050.0
15.0,8340.0,25050.0
15.0,8355.0,25050.0
15.0,8370.0,25050.0
15.0,8385.0,25050.0
15.0,8400.0,25050.0
15.0,8415.0,25050.0
15.0,8430.0,25050.0
15.0,8445.0,25050.0
15.0,8460.0,25050.0
15.0,8475.0,25050.0
15.0,8490.0,25050.0
15.0,8505.0,25050.0
15.0,8520.0,25050.0
15.0,8535.0,25050.0
15.0,8550.0,25050.0
15.0,8565.0,25050.0
15.0,8580.0,25050.0
15.0,8595.0,25050.0
15.0,8610.0,25050.0
15.0,8625.0,25050.0
15.0,8640.0,25050.0
15.0,8655.0,25050.0
15.0,8670.0,25050.0
15.0,8685.0,25050.0
15.0,8700.0,25050.0
15.0,8715.0,25050.0
15.0,8730.0,25050.0
15.0,8745.0,25050.0
15.0,8760.0,25050.0
15.0,8775.0,25050.0
15.0,8790.0,25050.0
15.0,8805.0,25050.0
15.0,8820.0,25050.0
15.0,8835.0,25050.0
15.0,8850.0,25050.0
15.0,8865.0,25050.0
15.0,8880.0,25050.0
15.0,8895.0,25050.0
15.0,8910.0,25050.0
15.0,8925.0,25050.0
15.0,8940.0,25050.0
15.0,8955.0,25050.0
15.0,8970.0,25050.0
15.0,8985.0,25050.0
15.0,9000.0,25050.0
15.0,9015.0,25050.0
15.0,9030.0,25050.0
15.0,9045.0,25050.0
15.0,9060.0,25050.0
15.0,9075.0,25050.0
15.0,9090.0,25050.0
15.0,9105.0,25050.0
15.0,9120.0,25050.0
15.0,9135.0,25050.0
15.0,9150.0,25050.0
15.0,9165.0,25050.0
15.0,9180.0,25050.0
15.0,9195.0,25050.0
15.0,9210.0,25050.0
15.0,9225.0,25050.0
15.0,9240.0,25050.0
15.0,9255.0,25050.0
15.0,9270.0,25050.0
15.0,9285.0,25050.0
15.0,9300.0,25050.0
15.0,9315.0,25050.0
15.0,9330.0,25050.0
15.0,9345.0,25050.0
15.0,9360.0,25050.0
15.0,9375.0,25050.0
15.0,9390.0,25050.0
15.0,9405.0,25050.0
15.0,9420.0,25050.0
15.0,9435.0,25050.0
15.0,9450.0,25050.0
15.0,9465.0,25050.0
15.0,9480.0,25050.0
15.0,9495.0,25050.0
15.0,9510.0,25050.0
15.0,9525.0,25050.0
15.0,9540.0,25050.0
15.0,9555.0,25050.0
15.0,9570.0,25050.0
15.0,9585.0,25050.0
15.0,9600.0,25050.0
15.0,9615.0,25050.0
15.0,9630.0,25050.0
15.0,9645.0,25050.0
15.0,9660.0,25050.0
15.0,9675.0,25050.0
15.0,9690.0,25050.0
15.0,9705.0,25050.0
15.0,9720.0,25050.0
15.0,9735.0,25050.0
15.0,9750.0,25050.0
15.0,9765.0,25050.0
15.0,9780.0,25050.0
15.0,9795.0,25050.0
15.0,9810.0,25050.0
15.0,9825.0,25050.0
15.0,9840.0,25050.0
15.0,9855.0,25050.0
15.0,9870.0,25050.0
15.0,9885.0,25050.0
15.0,9900.0,25050.0
15.0,9915.0,25050.0
15.0,9930.0,25050.0
15.0,9945.0,25050.0
15.0,9960.0,25050.0
15.0,9975.0,25050.0
15.0,9990.0,25050.0
15.0,10005.0,25050.0
15.0,10020.0,25050.0
15.0,10035.0,25050.0
15.0,10050.0,25050.0
15.0,10065.0,25050.0
15.0,10080.0,25050.0
15.0,10095.0,25050.0
15.0,10110.0,25050.0
15.0,10125.0,25050.0
15.0,10140.0,25050.0
15.0,10155.0,25050.0
15.0,10170.0,25050.0
15.0,10185.0,25050.0
15.0,10200.0,25050.0
15.0,10215.0,25050.0
15.0,10230.0,25050.0
15.0,10245.0,25050.0
15.0,10260.0,25050.0
15.0,10275.0,25050.0
15.0,10290.0,25050.0
15.0,10305.0,25050.0
15.0,10320.0,25050.0
15.0,10335.0,25050.0
15.0,10350.0,25050.0
15.0,10365.0,25050.0
15.0,10380.0,25050.0
15.0,10395.0,25050.0
15.0,10410.0,25050.0
15.0,10425.0,25050.0
15.0,10440.0,25050.0
15.0,10455.0,25050.0
15.0,10470.0,25050.0
15.0,10485.0,25050.0
15.0,10500.0,25050.0
15.0,10515.0,25050.0
15.0,10530.0,25050.0
15.0,10545.0,25050.0
15.0,10560.0,25050.0
15.0,10575.0,25050.0
15.0,10590.0,25050.0
15.0,10605.0,25050.0
15.0,10620.0,25050.0
15.0,10635.0,25050.0
15.0,10650.0,25050.0
15.0,10665.0,25050.0
15.0,10680.0,25050.0
15.0,10695.0,25050.0
15.0,10710.0,25050.0
15.0,10725.0,25050.0
15.0,10740.0,25050.0
15.0,10755.0,25050.0
15.0,10770.0,25050.0
15.0,10785.0,25050.0
15.0,10800.0,25050.0
15.0,10815.0,25050.0
15.0,10830.0,25050.0
15.0,10845.0,25050.0
15.0,10860.0,25050.0
15.0,10875.0,25050.0
15.0,10890.0,25050.0
15.0,10905.0,25050.0
15.0,10920.0,25050.0
15.0,10935.0,25050.0
15.0,10950.0,25050.0
15.0,10965.0,25050.0
15.0,10980.0,25050.0
15.0,10995.0,25050.0
15.0,11010.0,25050.0
15.0,11025.0,25050.0
15.0,11040.0,25050.0
15.0,11055.0,25050.0
15.0,11070.0,25050.0
15.0,11085.0,25050.0
15.0,11100.0,25050.0
15.0,11115.0,25050.0
15.0,11130.0,25050.0
15.0,11145.0,25050.0
15.0,11160.0,25050.0
15.0,11175.0,25050.0
15.0,11190.0,25050.0
15.0,11205.0,25050.0
15.0,11220.0,25050.0
15.0,11235.0,25050.0
15.0,11250.0,25050.0
15.0,11265.0,25050.0
15.0,11280.0,25050.0
15.0,11295.0,25050.0
15.0,11310.0,25050.0
15.0,11325.0,25050.0
15.0,11340.0,25050.0
15.0,11355.0,25050.0
15.0,11370.0,25050.0
15.0,11385.0,25050.0
15.0,11400.0,25050.0
15.0,11415.0,25050.0
15.0,11430.0,25050.0
15.0,11445.0,25050.0
15.0,11460.0,25050.0
15.0,11475.0,25050.0
15.0,11490.0,25050.0
15.0,11505.0,25050.0
15.0,11520.0,25050.0
15.0,11535.0,25050.0
15.0,11550.0,25050.0
15.0,11565.0,25050.0
15.0,11580.0,25050.0
15.0,11595.0,25050.0
15.0,11610.0,25050.0
15.0,11625.0,25050.0
15.0,11640.0,25050.0
15.0,11655.0,25050.0
15.0,11670.0,25050.0
15.0,11685.0,25050.0
15.0,11700.0,25050.0
15.0,11715.0,25050.0
15.0,11730.0,25050.0
15.0,11745.0,25050.0
15.0,11760.0,25050.0
15.0,11775.0,25050.0
15.0,11790.0,25050.0
15.0,11805.0,25050.0
15.0,11820.0,25050.0
15.0,11835.0,25050.0
15.0,11850.0,25050.0
15.0,11865.0,25050.0
15.0,11880.0,25050.0
15.0,11895.0,25050.0
15.0,11910.0,25050.0
15.0,11925.0,25050.0
15.0,11940.0,25050.0
15.0,11955.0,25050.0
15.0,11970.0,25050.0
15.0,11985.0,25050.0
15.0,12000.0,25050.0
15.0,12015.0,25050.0
15.0,12030.0,25050.0
15.0,12045.0,25050.0
15.0,12060.0,25050.0
15.0,12075.0,25050.0
15.0,12090.0,25050.0
15.0,12105.0,25050.0
15.0,12120.0,25050.0
15.0,12135.0,25050.0
15.0,12150.0,25050.0
15.0,12165.0,25050.0
15.0,12180.0,25050.0
15.0,12195.0,25050.0
15.0,12210.0,25050.0
15.0,12225.0,25050.0
15.0,12240.0,25050.0
15.0,12255.0,25050.0
15.0,12270.0,25050.0
15.0,12285.0,25050.0
15.0,12300.0,25050.0
15.0,12315.0,25050.0
15.0,12330.0,25050.0
15.0,12345.0,25050.0
15.0,12360.0,25050.0
15.0,12375.0,25050.0
15.0,12390.0,25050.0
15.0,12405.0,25050.0
15.0,12420.0,25050.0
15.0,12435.0,25050.0
15.0,12450.0,25050.0
15.0,12465.0,25050.0
15.0,12480.0,25050.0
15.0,12495.0,25050.0
15.0,12510.0,25050.0
15.0,12525.0,25050.0
15.0,12540.0,25050.0
15.0,12555.0,25050.0
15.0,12570.0,25050.0
15.0,12585.0,25050.0
15.0,12600.0,25050.0
15.0,12615.0,25050.0
15.0,12630.0,25050.0
15.0,12645.0,25050.0
15.0,12660.0,25050.0
15.0,12675.0,25050.0
15.0,12690.0,25050.0
15.0,12705.0,25050.0
15.0,12720.0,25050.0
15.0,12735.0,25050.0
15.0,12750.0,25050.0
15.0,12765.0,25050.0
15.0,12780.0,25050.0
15.0,12795.0,25050.0
15.0,12810.0,25050.0
15.0,12825.0,25050.0
15.0,12840.0,25050.0
15.0,12855.0,25050.0
15.0,12870.0,25050.0
15.0,12885.0,25050.0
15.0,12900.0,25050.0
15.0,12915.0,25050.0
15.0,12930.0,25050.0
15.0,12945.0,25050.0
15.0,12960.0,25050.0
15.0,12975.0,25050.0
15.0,12990.0,25050.0
15.0,13005.0,25050.0
15.0,13020.0,25050.0
15.0,13035.0,25050.0
15.0,13050.0,25050.0
15.0,13065.0,25050.0
15.0,13080.0,25050.0
15.0,13095.0,25050.0
15.0,13110.0,25050.0
15.0,13125.0,25050.0
15.0,13140.0,25050.0
15.0,13155.0,25050.0
15.0,13170.0,25050.0
15.0,13185.0,25050.0
15.0,13200.0,25050.0
15.0,13215.0,25050.0
15.0,13230.0,25050.0
15.0,13245.0,25050.0
15.0,13260.0,25050.0
15.0,13275.0,25050.0
15.0,13290.0,25050.0
15.0,13305.0,25050.0
15.0,13320.0,25050.0
15.0,13335.0,25050.0
15.0,13350.0,25050.0
15.0,13365.0,25050.0
15.0,13380.0,25050.0
15.0,13395.0,25050.0
15.0,13410.0,25050.0
15.0,13425.0,25050.0
15.0,13440.0,25050.0
15.0,13455.0,25050.0
15.0,13470.0,25050.0
15.0,13485.0,25050.0
15.0,13500.0,25050.0
15.0,13515.0,25050.0
15.0,13530.0,25050.0
15.0,13545.0,25050.0
15.0,13560.0,25050.0
15.0,13575.0,25050.0
15.0,13590.0,25050.0
15.0,13605.0,25050.0
15.0,13620.0,25050.0
15.0,13635.0,25050.0
15.0,13650.0,25050.0
15.0,13665.0,25050.0
15.0,13680.0,25050.0
15.0,13695.0,25050.0
15.0,13710.0,25050.0
15.0,13725.0,25050.0
15.0,13740.0,25050.0
15.0,13755.0,25050.0
15.0,13770.0,25050.0
15.0,13785.0,25050.0
15.0,13800.0,25050.0
15.0,13815.0,25050.0
15.0,13830.0,25050.0
15.0,13845.0,25050.0
15.0,13860.0,25050.0
15.0,13875.0,25050.0
15.0,13890.0,25050.0
15.0,13905.0,25050.0
15.0,13920.0,25050.0
15.0,13935.0,25050.0
15.0,13950.0,25050.0
15.0,13965.0,25050.0
15.0,13980.0,25050.0
15.0,13995.0,25050.0
15.0,14010.0,25050.0
15.0,14025.0,25050.0
15.0,14040.0,25050.0
15.0,14055.0,25050.0
15.0,14070.0,25050.0
15.0,14085.0,25050.0
15.0,14100.0,25050.0
15.0,14115.0,25050.0
15.0,14130.0,25050.0
15.0,14145.0,25050.0
15.0,14160.0,25050.0
15.0,14175.0,25050.0
15.0,14190.0,25050.0
15.0,14205.0,25050.0
15.0,14220.0,25050.0
15.0,14235.0,25050.0
15.0,14250.0,25050.0
15.0,14265.0,25050.0
15.0,14280.0,25050.0
15.0,14295.0,25050.0
15.0,14310.0,25050.0
15.0,14325.0,25050.0
15.0,14340.0,25050.0
15.0,14355.0,25050.0
15.0,14370.0,25050.0
15.0,14385.0,25050.0
15.0,14400.0,25050.0
15.0,14415.0,25050.0
15.0,14430.0,25050.0
15.0,14445.0,25050.0
15.0,14460.0,25050.0
15.0,14475.0,25050.0
15.0,14490.0,25050.0
15.0,14505.0,25050.0
15.0,14520.0,25050.0
15.0,14535.0,25050.0
15.0,14550.0,25050.0
15.0,14565.0,25050.0
15.0,14580.0,25050.0
15.0,14595.0,25050.0
15.0,14610.0,25050.0
15.0,14625.0,25050.0
15.0,14640.0,25050.0
15.0,14655.0,25050.0
15.0,14670.0,25050.0
15.0,14685.0,25050.0
15.0,14700.0,25050.0
15.0,14715.0,25050.0
15.0,14730.0,25050.0
15.0,14745.0,25050.0
15.0,14760.0,25050.0
15.0,14775.0,25050.0
15.0,14790.0,25050.0
15.0,14805.0,25050.0
15.0,14820.0,25050.0
15.0,14835.0,25050.0
15.0,14850.0,25050.0
15.0,14865.0,25050.0
15.0,14880.0,25050.0
15.0,14895.0,25050.0
15.0,14910.0,25050.0
15.0,14925.0,25050.0
15.0,14940.0,25050.0
15.0,14955.0,25050.0
15.0,14970.0,25050.0
15.0,14985.0,25050.0
15.0,15000.0,25050.0
15.0,15015.0,25050.0
15.0,15030.0,25050.0
15.0,15045.0,25050.0
15.0,15060.0,25050.0
15.0,15075.0,25050.0
15.0,15090.0,25050.0
15.0,15105.0,25050.0
15.0,15120.0,25050.0
15.0,15135.0,25050.0
15.0,15150.0,25050.0
15.0,15165.0,25050.0
15.0,15180.0,25050.0
15.0,15195.0,25050.0
15.0,15210.0,25050.0
15.0,15225.0,25050.0
15.0,15240.0,25050.0
15.0,15255.0,25050.0
15.0,15270.0,25050.0
15.0,15285.0,25050.0
15.0,15300.0,25050.0
15.0,15315.0,25050.0
15.0,15330.0,25050.0
15.0,15345.0,25050.0
15.0,15360.0,25050.0
15.0,15375.0,25050.0
15.0,15390.0,25050.0
15.0,15405.0,25050.0
15.0,15420.0,25050.0
15.0,15435.0,25050.0
15.0,15450.0,25050.0
15.0,15465.0,25050.0
15.0,15480.0,25050.0
15.0,15495.0,25050.0
15.0,15510.0,25050.0
15.0,15525.0,25050.0
15.0,15540.0,25050.0
15.0,15555.0,25050.0
15.0,15570.0,25050.0
15.0,15585.0,25050.0
15.0,15600.0,25050.0
15.0,15615.0,25050.0
15.0,15630.0,25050.0
15.0,15645.0,25050.0
15.0,15660.0,25050.0
15.0,15675.0,25050.0
15.0,15690.0,25050.0
15.0,15705.0,25050.0
15.0,15720.0,25050.0
15.0,15735.0,25050.0
15.0,15750.0,25050.0
15.0,15765.0,24945.0
15.0,15780.0,24840.0
15.0,15795.0,24735.0
15.0,15810.0,24630.0
15.0,15825.0,24525.0
15.0,15840.0,24420.0
15.0,15855.0,24315.0
15.0,15870.0,24210.0
15.0,15885.0,24105.0
15.0,15900.0,24000.0
15.0,15915.0,23895.0
15.0,15930.0,23790.0
15.0,15945.0,23685.0
15.0,15960.0,23580.0
15.0,15975.0,23475.0
15.0,15990.0,23370.0
15.0,16005.0,23265.0
15.0,16020.0,23160.0
15.0,16035.0,23055.0
15.0,16050.0,22950.0
15.0,16065.0,22845.0
15.0,16080.0,22740.0
15.0,16095.0,22635.0
15.0,16110.0,22530.0
15.0,16125.0,22425.0
15.0,16140.0,22320.0
15.0,16155.0,22215.0
15.0,16170.0,22110.0
15.0,16185.0,22005.0
15.0,16200.0,21900.0
15.0,16215.0,21795.0
15.0,16230.0,21690.0
15.0,16245.0,21585.0
15.0,16260.0,21480.0
15.0,16275.0,21375.0
15.0,16290.0,21270.0
15.0,16305.0,21165.0
15.0,16320.0,21060.0
15.0,16335.0,20955.0
15.0,16350.0,20850.0
15.0,16365.0,20745.0
15.0,16380.0,20640.0
15.0,16395.0,20535.0
15.0,16410.0,20430.0
15.0,16425.0,20325.0
15.0,16440.0,20220.0
15.0,16455.0,20115.0
15.0,16470.0,20010.0
15.0,16485.0,19905.0
15.0,16500.0,19800.0
15.0,16515.0,19695.0
15.0,16530.0,19590.0
15.0,16545.0,19485.0
15.0,16560.0,19380.0
15.0,16575.0,19275.0
15.0,16590.0,19170.0
15.0,16605.0,19065.0
15.0,16620.0,18960.0
15.0,16635.0,18855.0
15.0,16650.0,18750.0
15.0,16665.0,18645.0
15.0,16680.0,18540.0
15.0,16695.0,18435.0
15.0,16710.0,18330.0
15.0,16725.0,18225.0
15.0,16740.0,18120.0
15.0,16755.0,18015.0
15.0,16770.0,17910.0
15.0,16785.0,17805.0
15.0,16800.0,17700.0
15.0,16815.0,17595.0
15.0,16830.0,17490.0
15.0,16845.0,17385.0
15.0,16860.0,17280.0
15.0,16875.0,17175.0
15.0,16890.0,17070.0
15.0,16905.0,16965.0
15.0,16920.0,16860.0
15.0,16935.0,16755.0
15.0,16950.0,16650.0
15.0,16965.0,16545.0
15.0,16980.0,16440.0
15.0,16995.0,16335.0
15.0,17010.0,16230.0
15.0,17025.0,16125.0
15.0,17040.0,16020.0
15.0,17055.0,15915.0
15.0,17070.0,15810.0
15.0,17085.0,15705.0
15.0,17100.0,15600.0
15.0,17115.0,15495.0
15.0,17130.0,15390.0
15.0,17145.0,15285.0
15.0,17160.0,15180.0
15.0,17175.0,15075.0
15.0,17190.0,14970.0
15.0,17205.0,14865.0
15.0,17220.0,14760.0
15.0,17235.0,14655.0
15.0,17250.0,14550.0
15.0,17265.0,14445.0
15.0,17280.0,14340.0
15.0,17295.0,14235.0
15.0,17310.0,14130.0
15.0,17325.0,14025.0
15.0,17340.0,13920.0
15.0,17355.0,13815.0
15.0,17370.0,13710.0
15.0,17385.0,13605.0
15.0,17400.0,13500.0
15.0,17415.0,13395.0
15.0,17430.0,13290.0
15.0,17445.0,13185.0
15.0,17460.0,13080.0
15.0,17475.0,12975.0
15.0,17490.0,12870.0
15.0,17505.0,12765.0
15.0,17520.0,12660.0
15.0,17535.0,12555.0
15.0,17550.0,12450.0
15.0,17565.0,12345.0
15.0,17580.0,12240.0
15.0,17595.0,12135.0
15.0,17610.0,12030.0
15.0,17625.0,11925.0
15.0,17640.0,11820.0
15.0,17655.0,11715.0
15.0,17670.0,11610.0
15.0,17685.0,11505.0
15.0,17700.0,11400.0
15.0,17715.0,11295.0
15.0,17730.0,11190.0
15.0,17745.0,11085.0
15.0,17760.0,10980.0
15.0,17775.0,10875.0
15.0,17790.0,10770.0
15.0,17805.0,10665.0
15.0,17820.0,10560.0
15.0,17835.0,10455.0
15.0,17850.0,10350.0
15.0,17865.0,10245.0
15.0,17880.0,10140.0
15.0,17895.0,10035.0
15.0,17910.0,9930.0
15.0,17925.0,9825.0
15.0,17940.0,9720.0
15.0,17955.0,9615.0
15.0,17970.0,9510.0
15.0,17985.0,9405.0
15.0,18000.0,9300.0
15.0,18015.0,9195.0
15.0,18030.0,9090.0
15.0,18045.0,8985.0
15.0,18060.0,8880.0
15.0,18075.0,8775.0
15.0,18090.0,8670.0
15.0,18105.0,8565.0
15.0,18120.0,8460.0
15.0,18135.0,8355.0
15.0,18150.0,8250.0
15.0,18165.0,8145.0
15.0,18180.0,8040.0
15.0,18195.0,7935.0
15.0,18210.0,7830.0
15.0,18225.0,7725.0
15.0,18240.0,7620.0
15.0,18255.0,7515.0
15.0,18270.0,7410.0
15.0,18285.0,7305.0
15.0,18300.0,7200.0
15.0,18315.0,7095.0
15.0,18330.0,6990.0
15.0,18345.0,6885.0
15.0,18360.0,6780.0
15.0,18375.0,6675.0
15.0,18390.0,6570.0
15.0,18405.0,6465.0
15.0,18420.0,6360.0
15.0,18435.0,6255.0
15.0,18450.0,6150.0
15.0,18465.0,6045.0
15.0,18480.0,5940.0
15.0,18495.0,5835.0
15.0,18510.0,5730.0
15.0,18525.0,5625.0
15.0,18540.0,5520.0
15.0,18555.0,5415.0
15.0,18570.0,5310.0
15.0,18585.0,5205.0
15.0,18600.0,5100.0
15.0,18615.0,4995.0
15.0,18630.0,4890.0
15.0,18645.0,4785.0
15.0,18660.0,4680.0
15.0,18675.0,4575.0
15.0,18690.0,4470.0
15.0,18705.0,4365.0
15.0,18720.0,4260.0
15.0,18735.0,4155.0
15.0,18750.0,4050.0
15.0,18765.0,3945.0
15.0,18780.0,3840.0
15.0,18795.0,3735.0
15.0,18810.0,3630.0
15.0,18825.0,3525.0
15.0,18840.0,3420.0
15.0,18855.0,3315.0
15.0,18870.0,3210.0
15.0,18885.0,3105.0
15.0,18900.0,3000.0
15.0,18915.0,2895.0
15.0,18930.0,2790.0
15.0,18945.0,2685.0
15.0,18960.0,2580.0
15.0,18975.0,2475.0
15.0,18990.0,2370.0
15.0,19005.0,2265.0
15.0,19020.0,2160.0
15.0,19035.0,2055.0
15.0,19050.0,1950.0
15.0,19065.0,1845.0
15.0,19080.0,1740.0
15.0,19095.0,1635.0
15.0,19110.0,1530.0
15.0,19125.0,1425.0
15.0,19140.0,1320.0
15.0,19155.0,1215.0
15.0,19170.0,1110.0
15.0,19185.0,1005.0
15.0,19200.0,900.0
15.0,19215.0,795.0
15.0,19230.0,690.0
15.0,19245.0,585.0
15.0,19260.0,480.0
15.0,19275.0,375.0
15.0,19290.0,270.0
